4.289603
4.264211
4.259394
4.139987
4.093808
4.049105
4.010968
3.839262
3.435561
3.356735
3.349073
3.284748
3.278389
3.208136
3.203688
3.20142
3.18767
3.174805
3.171459
3.163817
3.161217
3.15937
3.150613
3.148876
3.148028
3.147585
3.147037
3.132396
3.128636
3.12839
3.127745
3.126361
3.122027
3.121365
3.114368
3.112162
3.11086
3.110336
3.109733
3.108086
3.103551
3.103458
3.096079
3.090527
3.085481
3.084015
3.082352
3.076207
3.075485
3.074524
3.074442
3.072578
3.071503
3.069931
3.068086
3.067037
3.067004
3.064629
3.057389
3.056773
3.056405
3.053606
3.051014
3.045836
3.041699
3.040184
3.03968
3.039554
3.039541
3.035424
3.031801
3.030733
3.029519
3.026868
3.026305
3.023831
3.021843
3.017193
3.016888
3.016558
3.015762
3.010996
3.010659
3.010452
3.009616
3.004657
3.002927
3.001604
2.999815
2.997918
2.995302
2.994269
2.993008
2.991794
2.990721
2.988415
2.986014
2.985579
2.984617
2.981709
2.980664
2.976825
2.974723
2.972945
2.9712
2.970136
2.965845
2.965139
2.961904
2.96084
2.955517
2.95544
2.954357
2.954067
2.954044
2.951906
2.949179
2.941206
2.937533
2.932097
2.930743
2.92941
2.928986
2.926729
2.924193
2.922122
2.916559
2.915544
2.913306
2.912382
2.910638
2.910495
2.909822
2.906921
2.90608
2.90122
2.896511
2.896189
2.89485
2.893911
2.892573
2.889783
2.888571
2.878967
2.875085
2.873395
2.873235
2.869478
2.864577
2.861938
2.856944
2.853541
2.85084
2.847584
2.847511
2.847189
2.845378
2.841294
2.839645
2.839166
2.834749
2.83227
2.825394
2.824395
2.8237
2.820443
2.816188
2.816139
2.814474
2.812444
2.809666
2.804287
2.803044
2.799921
2.799725
2.797031
2.792586
2.792096
2.790548
2.789514
2.785791
2.780014
2.776213
2.773002
2.76616
2.764747
2.760639
2.759504
2.753674
2.752193
2.749768
2.748212
2.744813
2.744267
2.743466
2.741634
2.741559
2.739902
2.739396
2.737174
2.73262
2.721622
2.71902
2.716872
2.716726
2.714238
2.70972
2.699386
2.698663
2.689454
2.684003
2.678047
2.673566
2.667772
2.664303
2.661678
2.657499
2.657365
2.654389
2.649966
2.649177
2.647339
2.641481
2.639244
2.638278
2.635484
2.630278
2.622538
2.620421
2.615872
2.60637
2.604287
2.600307
2.595453
2.587522
2.585428
2.581924
2.57915
2.569324
2.569127
2.559948
2.552534
2.551667
2.55148
2.550077
2.541376
2.54012
2.527614
2.526318
2.516667
2.514368
2.513457
2.511678
2.510884
2.509926
2.509912
2.509799
2.504216
2.502726
2.49167
2.488189
2.482367
2.481678
2.465066
2.464172
2.459791
2.457001
2.446227
2.445278
2.444444
2.441072
2.44
2.435386
2.421365
2.419322
2.417711
2.407468
2.405386
2.404507
2.404427
2.400859
2.400564
2.394918
2.393533
2.391026
2.390873
2.390498
2.384898
2.381448
2.368923
2.368645
2.365932
2.364999
2.358552
2.356536
2.355113
2.354492
2.353842
2.34457
2.343058
2.326258
2.326051
2.324351
2.320616
2.319244
2.31796
2.317853
2.311212
2.310959
2.309278
2.305493
2.303339
2.300704
2.298065
2.298056
2.296003
2.295461
2.288895
2.287789
2.287192
2.285918
2.285532
2.284165
2.283792
2.283456
2.282697
2.281063
2.279088
2.27784
2.273113
2.272757
2.26898
2.265759
2.263779
2.26272
2.261185
2.258088
2.25435
2.25424
2.251218
2.250261
2.248465
2.24742
2.242882
2.242733
2.240278
2.239443
2.236254
2.235545
2.235119
2.234791
2.234093
2.233794
2.227755
2.226111
2.223527
2.221327
2.219902
2.218239
2.216611
2.213529
2.213113
2.210174
2.208978
2.20482
2.197244
2.193246
2.190623
2.188852
2.188504
2.179233
2.178988
2.177301
2.175598
2.175478
2.169919
2.169102
2.168373
2.167294
2.165922
2.164804
2.16335
2.159851
2.156243
2.155674
2.153063
2.151663
2.148678
2.140769
2.140032
2.134932
2.127825
2.124723
2.12309
2.115517
2.115268
2.114864
2.113499
2.107421
2.107158
2.102801
2.101363
2.099704
2.097428
2.095717
2.093149
2.091462
2.088085
2.086581
2.085649
2.082139
2.075544
2.073759
2.070432
2.061581
2.060313
2.05931
2.056065
2.045171
2.043103
2.035291
2.035043
2.031262
2.028578
2.026747
2.02394
2.02247
2.020199
2.016574
2.015836
2.015083
2.014233
2.014152
2.010686
2.01044
2.00987
2.003213
1.996701
1.996567
1.99578
1.993754
1.981407
1.979733
1.977921
1.977791
1.976774
1.97666
1.976545
1.975935
1.97473
1.971941
1.967154
1.961669
1.96163
1.957621
1.956931
1.954726
1.954526
1.945753
1.932827
1.932255
1.931635
1.927728
1.927682
1.92489
1.921987
1.919695
1.919159
1.910496
1.905637
1.903257
1.902142
1.899479
1.89493
1.891119
1.888153
1.887394
1.884765
1.8825
1.880802
1.88031
1.879363
1.879111
1.878855
1.873386
1.872885
1.872799
1.870855
1.870692
1.870623
1.863889
1.863849
1.863364
1.862745
1.856175
1.852658
1.849887
1.845834
1.845763
1.8438
1.843154
1.839598
1.839129
1.837383
1.836082
1.835709
1.830136
1.826253
1.825308
1.824399
1.823353
1.818577
1.818234
1.812279
1.811926
1.811222
1.805543
1.798056
1.792257
1.787677
1.786561
1.785673
1.784008
1.78023
1.778271
1.776485
1.775928
1.775418
1.77324
1.772439
1.767125
1.765952
1.764081
1.753613
1.752565
1.750768
1.743268
1.739284
1.735597
1.735123
1.732737
1.729874
1.725568
1.723056
1.721569
1.721198
1.719494
1.71032
1.708936
1.706263
1.704722
1.701628
1.701116
1.700774
1.699849
1.695621
1.68963
1.687812
1.684726
1.681348
1.679613
1.675936
1.672825
1.669417
1.669017
1.666462
1.662838
1.662088
1.661657
1.660325
1.642982
1.640909
1.640491
1.636739
1.633646
1.629385
1.623909
1.623486
1.617193
1.616667
1.611423
1.606315
1.605365
1.604131
1.603523
1.594271
1.592478
1.591408
1.591064
1.590986
1.584271
1.583377
1.577277
1.575293
1.573176
1.572177
1.569087
1.568441
1.567663
1.566849
1.565473
1.559053
1.550656
1.549377
1.546195
1.542548
1.541531
1.538781
1.534845
1.530198
1.525129
1.524045
1.522934
1.517701
1.517642
1.5167
1.513498
1.51227
1.509306
1.505077
1.4992
1.489753
1.488896
1.487973
1.48792
1.482249
1.472779
1.459659
1.459444
1.456687
1.454693
1.454167
1.453135
1.44341
1.440536
1.440436
1.437833
1.433458
1.432378
1.427727
1.422114
1.419204
1.415993
1.414676
1.414619
1.414284
1.400911
1.399819
1.399639
1.397865
1.397222
1.3971
1.394549
1.388271
1.38148
1.377792
1.376109
1.374479
1.373146
1.368338
1.366763
1.362615
1.360071
1.359454
1.359429
1.35811
1.356162
1.343056
1.343056
1.342964
1.341229
1.340002
1.339084
1.331625
1.328864
1.324055
1.323612
1.321196
1.317485
1.31651
1.312823
1.311648
1.311524
1.309358
1.307496
1.306587
1.305401
1.300293
1.297163
1.295914
1.293443
1.293029
1.292709
1.290763
1.288306
1.282401
1.280623
1.276916
1.275942
1.275151
1.274761
1.272141
1.271296
1.271035
1.267335
1.264096
1.262214
1.256016
1.251806
1.251579
1.2496
1.249287
1.249069
1.247485
1.246136
1.245615
1.24533
1.244619
1.24125
1.241125
1.237323
1.236541
1.2322
1.228101
1.223529
1.221387
1.217437
1.217422
1.216675
1.212028
1.209718
1.20726
1.206884
1.205951
1.20525
1.202158
1.19708
1.184873
1.184428
1.181662
1.180412
1.178759
1.178582
1.176077
1.175909
1.170159
1.16147
1.15933
1.159119
1.145001
1.144041
1.14266
1.139606
1.139215
1.137139
1.135177
1.131205
1.128763
1.123358
1.121681
1.116193
1.112455
1.108676
1.107489
1.103577
1.098811
1.098705
1.09851
1.09714
1.089764
1.08958
1.089478
1.088914
1.086762
1.085451
1.075646
1.065556
1.056419
1.056111
1.055814
1.052611
1.048851
1.048713
1.047474
1.046651
1.046599
1.044667
1.039801
1.039709
1.036491
1.032873
1.027576
1.024983
1.022077
1.021945
1.020467
1.017128
1.016285
1.014993
1.014578
1.009216
1.005617
1.005036
1.004931
0.9919084
0.9896871
0.9885827
0.9884451
0.9867843
0.9820189
0.9762403
0.9759995
0.9736408
0.9730556
0.9675318
0.9675135
0.9648493
0.9630012
0.9625295
0.9616579
0.9600118
0.9596246
0.9575363
0.9574335
0.9562585
0.9525583
0.9490852
0.9466231
0.9378923
0.9367994
0.93659
0.9324688
0.9324489
0.9291461
0.9286443
0.9211597
0.9198578
0.9184976
0.9170161
0.9161858
0.909145
0.9065079
0.905523
0.9030556
0.9027762
0.8992487
0.8949026
0.8941285
0.8889367
0.8881252
0.8817882
0.8811588
0.880874
0.8781835
0.8768876
0.8759075
0.8755022
0.8746512
0.8716488
0.8692022
0.8647319
0.860136
0.8560766
0.8540307
0.8516847
0.8457368
0.840601
0.8336361
0.8329072
0.8254097
0.8252335
0.8212665
0.8210204
0.813878
0.8101557
0.805238
0.8036
0.8033742
0.8007984
0.7956383
0.7808905
0.7804764
0.780364
0.7754412
0.7753397
0.7666381
0.766037
0.7652315
0.7651012
0.7643949
0.7636091
0.7627931
0.7545403
0.7521071
0.7503626
0.7468303
0.742645
0.741766
0.7388024
0.7382667
0.7375647
0.7346494
0.7346072
0.7344264
0.7331267
0.7320892
0.731154
0.730089
0.7291372
0.725197
0.7221786
0.7221607
0.7209243
0.7197718
0.7190797
0.7174102
0.7173735
0.7167327
0.7124032
0.7122222
0.710633
0.7095863
0.7083474
0.7060272
0.7055162
0.7047597
0.6974681
0.6956547
0.6945253
0.6935181
0.6924253
0.6894156
0.684953
0.672512
0.6723415
0.6676375
0.6658524
0.6655047
0.6582234
0.6511012
0.6501854
0.6491443
0.6422635
0.6391603
0.6388591
0.6366221
0.6343785
0.633923
0.6326027
0.6292645
0.6271237
0.6257825
0.620144
0.61902
0.6179771
0.6169444
0.6159651
0.6119037
0.610943
0.6067967
0.6057172
0.6005385
0.5984959
0.5978457
0.5972991
0.5957855
0.5939408
0.5928925
0.5907821
0.5898409
0.5897447
0.5875061
0.5869282
0.579972
0.5783337
0.5701049
0.5681205
0.5671799
0.566377
0.56399
0.5611271
0.5552974
0.5513021
0.5468061
0.5446956
0.5428858
0.5311569
0.530272
0.527
0.5268245
0.5239731
0.5218998
0.5209974
0.5207712
0.5170919
0.5159816
0.5155108
0.5141938
0.5141932
0.5112524
0.5082115
0.5070404
0.5021107
0.4995357
0.4930989
0.4922784
0.4906173
0.489
0.4879092
0.4876638
0.4811905
0.4791799
0.4780503
0.4747435
0.4733999
0.4727303
0.4687304
0.4666667
0.4657107
0.4648095
0.4626295
0.4618572
0.4611521
0.4597391
0.4596325
0.4428432
0.438685
0.4377279
0.4318866
0.4298865
0.4244163
0.4231017
0.4220118
0.4131394
0.4108175
0.4081464
0.4056279
0.4028515
0.4018317
0.4
0.3998365
0.3961923
0.3940125
0.3936722
0.3896494
0.3821412
0.3733965
0.3654154
0.3593504
0.356657
0.3547123
0.3540713
0.3525815
0.3514397
0.3507822
0.3498944
0.3489263
0.3445169
0.3389097
0.3360597
0.3348973
0.3339737
0.3258535
0.3219554
0.3153664
0.3120051
0.3116778
0.3028557
0.3024276
0.2937722
0.2937235
0.2874012
0.2853313
0.2807868
0.2796835
0.2769528
0.2743229
0.2717271
0.2667636
0.266089
0.261464
0.260313
0.2596299
0.2583155
0.251333
0.2464202
0.24484
0.2444581
0.2439407
0.24378
0.2348273
0.2263053
0.2234078
0.2205459
0.2184766
0.2118405
0.2010187
0.2
0.1962168
0.1955926
0.1946406
0.1914486
0.1911941
0.1883228
0.1795601
0.1784385
0.1782633
0.1752126
0.1670119
0.1619226
0.1618542
0.1604056
0.1572041
0.1569228
0.1556791
0.1536913
0.152271
0.1477768
0.1469093
0.145821
0.1447876
0.1398754
0.1346856
0.1339877
0.1333333
0.132426
0.1239805
0.1225409
0.1180138
0.1166293
0.109912
0.1085751
0.1039728
0.1035751
0.0884791
0.084194
0.0836292
0.0812124
0.0774624
0.0761111
0.0749166
0.0736209
0.0712943
0.0698157
0.069759
0.0694723
0.0656074
0.0654169
0.0646729
0.0645458
0.0641451
0.0574015
0.0554401
0.0533722
0.0462348
0.0454299
0.0454063
0.0428758
0.0405763
0.0393172
0.0345502
0.0336244
0.0300289
0.0270846
0.0259745
0.0253618
0.0240388
0.0238889
0.0222751
0.0208083
0.018325
0.0159034
0.0063282
-0.0009881
-0.0015523
-0.0020653
-0.0031003
-0.0040137
-0.0074547
-0.0088677
-0.0120761
-0.0169962
-0.0191436
-0.0211814
-0.0215957
-0.0281963
-0.0314073
-0.0317478
-0.0345811
-0.0346116
-0.0347835
-0.0376709
-0.0384445
-0.0417273
-0.0437513
-0.0439338
-0.0440777
-0.0464519
-0.0464749
-0.046652
-0.0491708
-0.0527436
-0.0529811
-0.0530159
-0.0537832
-0.055186
-0.0630138
-0.0633176
-0.0637978
-0.06521
-0.0657266
-0.0661097
-0.0664211
-0.0664381
-0.067632
-0.0710325
-0.0721205
-0.0721342
-0.075216
-0.080291
-0.0829431
-0.0829719
-0.0836936
-0.0862302
-0.0875083
-0.0919182
-0.0977334
-0.0995028
-0.1018287
-0.1032094
-0.1037597
-0.1098415
-0.1102239
-0.1106253
-0.1109713
-0.1117929
-0.1134461
-0.1175528
-0.1211532
-0.1225342
-0.1226779
-0.1235453
-0.1253972
-0.1257095
-0.1259112
-0.1273263
-0.1290771
-0.1306302
-0.1310217
-0.1334072
-0.1334234
-0.1338425
-0.1345093
-0.1371356
-0.1371611
-0.1387654
-0.1404078
-0.145778
-0.1479251
-0.1492837
-0.1492884
-0.1499264
-0.1505924
-0.1523275
-0.153561
-0.1537111
-0.1538377
-0.1570321
-0.1572419
-0.1586306
-0.1623112
-0.1641707
-0.1646943
-0.1657969
-0.1661192
-0.1666296
-0.1706612
-0.1728863
-0.1748384
-0.1798222
-0.18057
-0.1835214
-0.1851868
-0.1854229
-0.1870271
-0.1874941
-0.1875777
-0.1886494
-0.1906994
-0.1935661
-0.1937845
-0.1954594
-0.197559
-0.198169
-0.198618
-0.2001235
-0.2024678
-0.207443
-0.2077939
-0.2078121
-0.209237
-0.2092891
-0.209364
-0.2107335
-0.2130235
-0.2136612
-0.2160497
-0.2160712
-0.2165387
-0.2179918
-0.2206952
-0.2209121
-0.2222222
-0.222755
-0.2242898
-0.2247787
-0.2300378
-0.2325619
-0.2326134
-0.2341148
-0.2375725
-0.2399075
-0.2415907
-0.2433772
-0.2454906
-0.2463927
-0.2479222
-0.2497312
-0.2517238
-0.2527778
-0.255536
-0.2559119
-0.2569871
-0.2573594
-0.2576374
-0.2577482
-0.2619973
-0.2620546
-0.2626455
-0.2632652
-0.2634233
-0.2636878
-0.2674085
-0.2677154
-0.2678879
-0.2685593
-0.26879
-0.2698895
-0.2714849
-0.2730576
-0.2747656
-0.2749309
-0.2779768
-0.2790673
-0.2790706
-0.2796467
-0.279997
-0.2820295
-0.282123
-0.2856349
-0.2857652
-0.2875069
-0.2884137
-0.2910376
-0.2923697
-0.2930976
-0.2940306
-0.2970706
-0.2976621
-0.300809
-0.3010528
-0.3020956
-0.3022293
-0.3062892
-0.3068462
-0.3073579
-0.3095023
-0.3096014
-0.309963
-0.3106008
-0.3106423
-0.3110441
-0.3135945
-0.3159135
-0.3169175
-0.3173049
-0.3190694
-0.3202745
-0.3206392
-0.3206492
-0.3218952
-0.3226356
-0.324034
-0.3244466
-0.3246984
-0.3247748
-0.326051
-0.3263003
-0.3268051
-0.32952
-0.3298838
-0.3302556
-0.3310583
-0.3323183
-0.3333333
-0.3343216
-0.3347842
-0.3351273
-0.3364196
-0.3364323
-0.3374676
-0.338099
-0.3388541
-0.3389177
-0.3396982
-0.3402403
-0.3406455
-0.3407996
-0.3420584
-0.3423839
-0.3430091
-0.3437617
-0.344533
-0.3469744
-0.3473705
-0.347827
-0.348772
-0.3497834
-0.3498509
-0.3509796
-0.3533829
-0.35386
-0.3550662
-0.3551791
-0.3554173
-0.3554911
-0.3556332
-0.355686
-0.3560984
-0.3563396
-0.3565129
-0.3566575
-0.3576005
-0.3585494
-0.3590004
-0.3614008
-0.3615205
-0.3627366
-0.3638289
-0.3648613
-0.364945
-0.3650786
-0.3655908
-0.3677155
-0.3680117
-0.3692021
-0.3696187
-0.3699957
-0.3704957
-0.3712549
-0.3722982
-0.3736177
-0.3760511
-0.3768049
-0.3782794
-0.3785351
-0.3789057
-0.3806293
-0.3811189
-0.3813306
-0.3813607
-0.3814589
-0.3823406
-0.3830694
-0.3856694
-0.3857862
-0.3858408
-0.3863965
-0.3865961
-0.3898719
-0.390319
-0.3904273
-0.3934617
-0.3934855
-0.3945935
-0.3966209
-0.3971934
-0.3974029
-0.3978871
-0.3990553
-0.4002014
-0.4003207
-0.4022922
-0.4027004
-0.4035184
-0.4055863
-0.408898
-0.4102245
-0.4103162
-0.4104057
-0.4104713
-0.4104751
-0.4107316
-0.4121969
-0.4126143
-0.4126262
-0.4149856
-0.4157147
-0.4159632
-0.41688
-0.4171347
-0.4172711
-0.4173577
-0.4185984
-0.4188691
-0.419158
-0.4193065
-0.4199761
-0.4206683
-0.4207844
-0.4256638
-0.4257069
-0.426125
-0.426644
-0.4269484
-0.4270781
-0.4277937
-0.4289563
-0.4296759
-0.4311999
-0.4315612
-0.4323657
-0.4345329
-0.4346522
-0.4347581
-0.4378378
-0.4384301
-0.4384323
-0.4385688
-0.4401985
-0.4402177
-0.4402698
-0.4404637
-0.4405986
-0.4428184
-0.4432408
-0.4434568
-0.4436573
-0.443926
-0.4439618
-0.4449853
-0.4450733
-0.4491089
-0.4496824
-0.4504838
-0.450496
-0.4507998
-0.451008
-0.4514643
-0.45462
-0.4558824
-0.4562645
-0.4583924
-0.4588638
-0.4600198
-0.4609118
-0.4610681
-0.4613582
-0.4618234
-0.4626281
-0.462901
-0.4632015
-0.4653109
-0.4669072
-0.4673142
-0.467483
-0.4675873
-0.4694385
-0.4705417
-0.4716639
-0.4730959
-0.4751653
-0.4755329
-0.4780543
-0.4792251
-0.4802662
-0.4808759
-0.481006
-0.4817952
-0.4824016
-0.4849939
-0.4862645
-0.4873113
-0.488145
-0.4884439
-0.4904756
-0.4928766
-0.4940807
-0.4952874
-0.4960669
-0.4963465
-0.4964219
-0.4977681
-0.4982721
-0.4999619
-0.5004753
-0.5028418
-0.5030097
-0.505991
-0.5062719
-0.507092
-0.5077739
-0.5105379
-0.5106578
-0.510963
-0.5109846
-0.5135517
-0.5141599
-0.5142651
-0.5156137
-0.5156197
-0.5156772
-0.5177308
-0.5198705
-0.5210474
-0.5211942
-0.5227369
-0.523106
-0.5231268
-0.5249284
-0.5256487
-0.52738
-0.5297248
-0.5302091
-0.5302467
-0.5308006
-0.5308933
-0.5312006
-0.5319692
-0.5336824
-0.5349099
-0.538924
-0.5426167
-0.5446912
-0.5479128
-0.5489059
-0.5489346
-0.5494531
-0.5494962
-0.5502118
-0.5506048
-0.5527538
-0.5529038
-0.5545593
-0.5552066
-0.5552129
-0.5563067
-0.5571381
-0.5596363
-0.5608942
-0.5611053
-0.5621002
-0.5652466
-0.565334
-0.5667182
-0.5679407
-0.5696288
-0.570056
-0.5713521
-0.5717116
-0.5719063
-0.5724804
-0.5725689
-0.5739371
-0.5741573
-0.5752621
-0.5760061
-0.5767506
-0.5767823
-0.5779686
-0.5796334
-0.5797311
-0.5807649
-0.5830948
-0.5842204
-0.5847404
-0.5867855
-0.5877986
-0.5881645
-0.5890565
-0.5911145
-0.5921101
-0.5921203
-0.5922781
-0.5926116
-0.5927256
-0.5944216
-0.5947581
-0.6031014
-0.6063926
-0.6086135
-0.609128
-0.609548
-0.610547
-0.6105711
-0.6145464
-0.618576
-0.6190795
-0.6222726
-0.623651
-0.6249158
-0.6249871
-0.6296024
-0.63077
-0.6316877
-0.637303
-0.6375385
-0.6395459
-0.6408842
-0.6453875
-0.6457179
-0.6467667
-0.6503196
-0.6511041
-0.651254
-0.6514604
-0.6548302
-0.6558753
-0.6592473
-0.6614693
-0.665348
-0.6699603
-0.6700809
-0.6708114
-0.6722506
-0.6731591
-0.6743599
-0.6744237
-0.6746119
-0.681392
-0.6832271
-0.6845004
-0.6856087
-0.6861337
-0.6867329
-0.6884746
-0.6887537
-0.6917616
-0.6927521
-0.6936884
-0.6942516
-0.6967063
-0.6967831
-0.6970078
-0.6984587
-0.6999325
-0.7004536
-0.7019678
-0.7021778
-0.7038683
-0.7053687
-0.7054526
-0.7095079
-0.7099051
-0.7114099
-0.7136365
-0.7144783
-0.717811
-0.7179557
-0.7188649
-0.7197202
-0.720406
-0.7230815
-0.7242546
-0.7265272
-0.7268404
-0.7275794
-0.7292369
-0.73795
-0.7387287
-0.7405544
-0.7410918
-0.743438
-0.7453506
-0.7503078
-0.7503164
-0.7515044
-0.751962
-0.7525505
-0.7525974
-0.7536469
-0.7540914
-0.7541127
-0.7543449
-0.7571076
-0.7574904
-0.7592378
-0.7603972
-0.7621484
-0.7653857
-0.7654974
-0.7661394
-0.7673877
-0.7690734
-0.7692993
-0.7694142
-0.7695187
-0.7718443
-0.7732546
-0.7733151
-0.7733291
-0.7742523
-0.7760469
-0.7770379
-0.7817926
-0.7852511
-0.785831
-0.78589
-0.787348
-0.78779
-0.7881644
-0.7892857
-0.7904639
-0.7907688
-0.7915859
-0.7920032
-0.7920387
-0.7925081
-0.7945753
-0.7957607
-0.7964078
-0.7995237
-0.7998479
-0.801036
-0.8014995
-0.803492
-0.8041978
-0.8047833
-0.8055548
-0.8070812
-0.8077833
-0.808174
-0.8095553
-0.8098581
-0.8106206
-0.8113827
-0.8120759
-0.813692
-0.815191
-0.8173128
-0.8180161
-0.8180652
-0.8231196
-0.8275479
-0.8277042
-0.8281171
-0.8294068
-0.8298928
-0.8305358
-0.8332318
-0.8345491
-0.8345636
-0.8356173
-0.8384452
-0.8401969
-0.843052
-0.8433804
-0.8498135
-0.8499723
-0.8514571
-0.8539658
-0.8543398
-0.854761
-0.8584673
-0.8608847
-0.8614262
-0.8654409
-0.8661389
-0.8684379
-0.8684728
-0.8686115
-0.8696246
-0.8719551
-0.876332
-0.8765379
-0.8784829
-0.8800824
-0.8808522
-0.8817337
-0.8843605
-0.8846827
-0.8870501
-0.8897479
-0.8909073
-0.8918707
-0.8938176
-0.8941151
-0.895496
-0.8955043
-0.9050398
-0.9100129
-0.9101965
-0.9107296
-0.9121291
-0.9136373
-0.9170417
-0.919908
-0.9221865
-0.9234196
-0.924175
-0.9276314
-0.9297862
-0.9309025
-0.9310773
-0.9318546
-0.9341582
-0.9358405
-0.9365878
-0.9402806
-0.9407222
-0.940819
-0.9444442
-0.9447829
-0.9455563
-0.948871
-0.9511759
-0.9536195
-0.9553697
-0.9558963
-0.9575675
-0.9598514
-0.960096
-0.9632033
-0.9645611
-0.9727963
-0.9731783
-0.9739533
-0.9790183
-0.9833327
-0.9840556
-0.9857588
-0.9876969
-0.9912944
-0.9915481
-0.9935882
-0.9947444
-0.9948922
-0.9950376
-0.9954608
-0.997679
-1.001383
-1.001894
-1.003234
-1.003348
-1.00419
-1.004887
-1.005372
-1.009121
-1.011204
-1.012736
-1.013698
-1.014815
-1.014965
-1.021661
-1.022003
-1.022711
-1.029473
-1.030539
-1.0332
-1.033759
-1.035496
-1.036983
-1.039951
-1.040907
-1.041577
-1.042252
-1.042622
-1.042793
-1.043499
-1.044187
-1.044818
-1.046718
-1.046726
-1.047485
-1.051532
-1.05266
-1.053661
-1.055158
-1.057897
-1.061885
-1.065551
-1.066284
-1.066893
-1.069631
-1.071651
-1.071926
-1.072959
-1.073111
-1.075068
-1.077386
-1.079226
-1.080663
-1.082381
-1.08479
-1.084933
-1.086437
-1.088758
-1.090726
-1.091322
-1.092859
-1.095125
-1.095836
-1.096854
-1.097085
-1.097517
-1.097649
-1.098317
-1.100172
-1.100322
-1.100333
-1.100758
-1.103119
-1.10691
-1.11308
-1.11522
-1.116588
-1.118017
-1.119097
-1.121329
-1.121953
-1.12821
-1.129118
-1.12989
-1.130387
-1.133347
-1.136364
-1.136416
-1.137267
-1.137434
-1.140161
-1.145066
-1.146436
-1.146732
-1.146918
-1.148196
-1.1496
-1.152892
-1.153446
-1.155967
-1.162978
-1.163326
-1.163833
-1.166995
-1.168638
-1.16971
-1.175401
-1.176524
-1.18699
-1.187274
-1.188404
-1.190015
-1.192019
-1.192358
-1.195344
-1.196587
-1.201795
-1.203385
-1.203681
-1.204139
-1.207954
-1.207954
-1.20881
-1.210992
-1.21231
-1.21236
-1.212446
-1.214002
-1.214005
-1.215209
-1.215514
-1.218209
-1.224118
-1.2294
-1.229507
-1.23044
-1.231247
-1.231362
-1.231574
-1.233128
-1.234124
-1.234348
-1.234506
-1.238942
-1.240312
-1.240698
-1.241657
-1.24202
-1.244181
-1.244285
-1.246205
-1.246699
-1.247821
-1.249734
-1.254127
-1.254943
-1.2554
-1.257538
-1.258873
-1.259783
-1.26016
-1.263725
-1.264242
-1.264723
-1.265776
-1.267302
-1.267652
-1.26809
-1.269214
-1.272099
-1.272321
-1.272331
-1.27299
-1.274022
-1.275405
-1.275538
-1.276396
-1.27799
-1.284122
-1.284513
-1.2846
-1.285476
-1.286497
-1.286526
-1.286764
-1.287282
-1.287342
-1.297061
-1.297152
-1.297405
-1.300083
-1.300972
-1.302247
-1.302452
-1.303953
-1.304147
-1.304438
-1.307247
-1.308891
-1.310587
-1.311811
-1.312636
-1.313669
-1.31786
-1.319766
-1.322032
-1.322687
-1.323
-1.323613
-1.324307
-1.324364
-1.324482
-1.32469
-1.325303
-1.325314
-1.325887
-1.327866
-1.329861
-1.333929
-1.335103
-1.335345
-1.336394
-1.337462
-1.338187
-1.338678
-1.340224
-1.343079
-1.344612
-1.345689
-1.347499
-1.34803
-1.348517
-1.351669
-1.353289
-1.353761
-1.354099
-1.356289
-1.358879
-1.359756
-1.359912
-1.361155
-1.363273
-1.364534
-1.365402
-1.367112
-1.367427
-1.36801
-1.374475
-1.374854
-1.37605
-1.376201
-1.381
-1.382381
-1.383022
-1.384766
-1.385556
-1.386255
-1.388046
-1.392371
-1.392918
-1.39587
-1.396582
-1.397181
-1.397875
-1.398226
-1.400918
-1.402532
-1.406137
-1.406765
-1.40691
-1.407509
-1.409592
-1.413934
-1.416667
-1.417351
-1.418496
-1.418767
-1.421
-1.421934
-1.4231
-1.423838
-1.424666
-1.425183
-1.428428
-1.429671
-1.429943
-1.431773
-1.433829
-1.435464
-1.437312
-1.43896
-1.440612
-1.443099
-1.443253
-1.444402
-1.444428
-1.445101
-1.446303
-1.447209
-1.450227
-1.452092
-1.458369
-1.458606
-1.458623
-1.459222
-1.460723
-1.460988
-1.461193
-1.461822
-1.465034
-1.466913
-1.467
-1.467222
-1.467238
-1.469499
-1.470096
-1.470257
-1.47048
-1.47113
-1.472178
-1.473444
-1.476151
-1.480518
-1.480644
-1.481774
-1.482422
-1.48246
-1.485746
-1.486246
-1.486329
-1.486454
-1.488251
-1.489444
-1.490451
-1.491223
-1.491821
-1.494563
-1.498491
-1.49918
-1.499354
-1.499419
-1.499618
-1.500031
-1.500733
-1.500859
-1.501004
-1.502249
-1.502472
-1.503896
-1.504428
-1.506185
-1.506409
-1.506532
-1.506898
-1.507787
-1.507961
-1.510609
-1.511305
-1.512188
-1.513659
-1.516299
-1.517676
-1.519539
-1.520205
-1.521044
-1.524207
-1.524932
-1.525031
-1.525195
-1.529476
-1.531878
-1.532242
-1.533333
-1.535561
-1.536752
-1.537185
-1.537196
-1.541245
-1.543456
-1.544182
-1.5459
-1.545965
-1.548073
-1.548487
-1.548673
-1.548931
-1.549186
-1.552572
-1.553171
-1.554076
-1.554214
-1.554348
-1.557571
-1.557605
-1.558385
-1.561407
-1.562996
-1.564014
-1.566361
-1.567401
-1.567813
-1.56905
-1.570737
-1.573192
-1.573683
-1.575251
-1.57567
-1.581161
-1.583054
-1.587183
-1.589
-1.589083
-1.589209
-1.590709
-1.593102
-1.596022
-1.597306
-1.598272
-1.598545
-1.599296
-1.600453
-1.602562
-1.602931
-1.603
-1.603631
-1.604282
-1.604339
-1.605718
-1.606438
-1.608388
-1.608811
-1.60891
-1.612838
-1.613624
-1.614295
-1.61514
-1.615548
-1.617189
-1.618136
-1.618372
-1.620193
-1.621
-1.621434
-1.622338
-1.623442
-1.624107
-1.624187
-1.624603
-1.625873
-1.627507
-1.628438
-1.629983
-1.633801
-1.63384
-1.63455
-1.636613
-1.636626
-1.637286
-1.637927
-1.638
-1.638431
-1.638694
-1.639322
-1.640636
-1.641401
-1.644067
-1.645333
-1.645912
-1.646305
-1.646459
-1.646767
-1.647009
-1.647855
-1.649238
-1.649716
-1.649788
-1.650069
-1.651641
-1.652952
-1.653715
-1.660092
-1.661456
-1.66178
-1.662919
-1.666667
-1.668722
-1.669485
-1.669642
-1.67044
-1.670956
-1.670998
-1.672261
-1.673495
-1.673985
-1.674269
-1.67493
-1.676432
-1.676974
-1.677004
-1.678056
-1.67829
-1.678478
-1.678581
-1.678763
-1.679192
-1.681115
-1.682699
-1.683895
-1.68421
-1.685099
-1.685385
-1.685519
-1.685726
-1.68801
-1.688063
-1.688257
-1.690636
-1.690832
-1.692299
-1.692535
-1.692981
-1.693783
-1.693985
-1.694407
-1.694989
-1.695602
-1.696082
-1.697
-1.698687
-1.698792
-1.699125
-1.699339
-1.700389
-1.701049
-1.701833
-1.702052
-1.702654
-1.70331
-1.703853
-1.70492
-1.705299
-1.706602
-1.707117
-1.707319
-1.707366
-1.709411
-1.710974
-1.711967
-1.71366
-1.714662
-1.717363
-1.717815
-1.718999
-1.71904
-1.721207
-1.72177
-1.722758
-1.722862
-1.723756
-1.72523
-1.725332
-1.7254
-1.72578
-1.727038
-1.728613
-1.728725
-1.729486
-1.734264
-1.734489
-1.734744
-1.735999
-1.736837
-1.736934
-1.739259
-1.740684
-1.741087
-1.742113
-1.742534
-1.745502
-1.746486
-1.749326
-1.749385
-1.750145
-1.751145
-1.757692
-1.758944
-1.75952
-1.761311
-1.761339
-1.763065
-1.764497
-1.76452
-1.767433
-1.769812
-1.770907
-1.772264
-1.774756
-1.779444
-1.779921
-1.781005
-1.782601
-1.783
-1.783024
-1.784595
-1.785792
-1.785797
-1.789272
-1.789798
-1.789818
-1.790703
-1.791498
-1.791637
-1.791696
-1.791874
-1.792084
-1.793537
-1.794073
-1.794369
-1.795945
-1.796789
-1.797463
-1.797706
-1.798522
-1.798546
-1.798782
-1.800167
-1.802981
-1.805008
-1.806176
-1.806776
-1.809895
-1.810215
-1.810971
-1.811318
-1.812019
-1.815331
-1.820736
-1.821901
-1.82525
-1.826431
-1.826934
-1.827446
-1.8282
-1.82951
-1.829775
-1.830378
-1.830627
-1.8325
-1.834007
-1.834235
-1.835484
-1.836097
-1.838678
-1.83879
-1.839539
-1.841357
-1.842308
-1.844533
-1.846456
-1.848682
-1.849956
-1.850801
-1.851089
-1.851328
-1.854492
-1.855912
-1.855994
-1.857874
-1.857999
-1.858173
-1.858877
-1.86007
-1.861
-1.86277
-1.863422
-1.864216
-1.866033
-1.868238
-1.868604
-1.869626
-1.873556
-1.87526
-1.876277
-1.877172
-1.877828
-1.880445
-1.881476
-1.882801
-1.88306
-1.887112
-1.88755
-1.88998
-1.890504
-1.891569
-1.891916
-1.894019
-1.89433
-1.894474
-1.894899
-1.895012
-1.897643
-1.898775
-1.899039
-1.899315
-1.899395
-1.899633
-1.900333
-1.901337
-1.903221
-1.903321
-1.909166
-1.911805
-1.912222
-1.912225
-1.912836
-1.913025
-1.914608
-1.917
-1.9175
-1.917543
-1.920437
-1.920954
-1.921111
-1.925148
-1.925651
-1.929375
-1.93057
-1.933409
-1.937551
-1.939244
-1.940099
-1.941805
-1.942034
-1.943684
-1.944459
-1.945243
-1.945479
-1.94756
-1.950692
-1.951242
-1.95191
-1.952878
-1.95315
-1.953522
-1.960034
-1.960182
-1.961115
-1.965034
-1.965891
-1.966748
-1.96769
-1.969659
-1.971057
-1.971264
-1.971613
-1.972567
-1.975814
-1.977236
-1.978584
-1.979426
-1.979574
-1.980945
-1.981464
-1.981898
-1.983432
-1.984421
-1.985618
-1.989027
-1.990517
-1.993951
-1.994227
-1.994517
-1.996003
-1.99897
-1.99981
-2
-2.000009
-2.000488
-2.000721
-2.001163
-2.001227
-2.004189
-2.006145
-2.006245
-2.006565
-2.007192
-2.010168
-2.010171
-2.011392
-2.013619
-2.014944
-2.016262
-2.01783
-2.019259
-2.020169
-2.021122
-2.021356
-2.022246
-2.022278
-2.022548
-2.022764
-2.023261
-2.023889
-2.024116
-2.024187
-2.024287
-2.02547
-2.026374
-2.027072
-2.027122
-2.027694
-2.028451
-2.02876
-2.031197
-2.034254
-2.034963
-2.03623
-2.036607
-2.038433
-2.038611
-2.038758
-2.039607
-2.039817
-2.041021
-2.045764
-2.046679
-2.046877
-2.048343
-2.049045
-2.049811
-2.049934
-2.050079
-2.050579
-2.050705
-2.052106
-2.052454
-2.053553
-2.055447
-2.057213
-2.058642
-2.059147
-2.06341
-2.064756
-2.065142
-2.066742
-2.067055
-2.068308
-2.069259
-2.069453
-2.069617
-2.070695
-2.070846
-2.073914
-2.073984
-2.074074
-2.074232
-2.074867
-2.075595
-2.076205
-2.076739
-2.07819
-2.078364
-2.081859
-2.082824
-2.083235
-2.083364
-2.083384
-2.083476
-2.083503
-2.083905
-2.084984
-2.085025
-2.085531
-2.088232
-2.089061
-2.091279
-2.091314
-2.093088
-2.093301
-2.095296
-2.095682
-2.096273
-2.097548
-2.098725
-2.098851
-2.099288
-2.100014
-2.100707
-2.101964
-2.102132
-2.102212
-2.102242
-2.102242
-2.102534
-2.103191
-2.104801
-2.105388
-2.106256
-2.108309
-2.109436
-2.109735
-2.110441
-2.112911
-2.11429
-2.114739
-2.116139
-2.11655
-2.118423
-2.118865
-2.118907
-2.121212
-2.1239
-2.126351
-2.126546
-2.126597
-2.12783
-2.129165
-2.129235
-2.129596
-2.130932
-2.13237
-2.132879
-2.132939
-2.134005
-2.136436
-2.13718
-2.14037
-2.140604
-2.141197
-2.141833
-2.142655
-2.143441
-2.146663
-2.147409
-2.147483
-2.149008
-2.149196
-2.150826
-2.150867
-2.150894
-2.150909
-2.153833
-2.153877
-2.154553
-2.154847
-2.155921
-2.158813
-2.159138
-2.160121
-2.161059
-2.161685
-2.162812
-2.162989
-2.163035
-2.163054
-2.163242
-2.164585
-2.164783
-2.165558
-2.165795
-2.166667
-2.167393
-2.168797
-2.16931
-2.169585
-2.169606
-2.169622
-2.171588
-2.173456
-2.173594
-2.173599
-2.17574
-2.17581
-2.178116
-2.179706
-2.180229
-2.181163
-2.182858
-2.186111
-2.186141
-2.186185
-2.187379
-2.188108
-2.19008
-2.191216
-2.192938
-2.193216
-2.193626
-2.195456
-2.197067
-2.197358
-2.198173
-2.199794
-2.200113
-2.200169
-2.200706
-2.2009
-2.201439
-2.201593
-2.202039
-2.202905
-2.203089
-2.203634
-2.203801
-2.204363
-2.204463
-2.204605
-2.20504
-2.205355
-2.20651
-2.208038
-2.210223
-2.214221
-2.215357
-2.217945
-2.219425
-2.219928
-2.220331
-2.221351
-2.221633
-2.221901
-2.223493
-2.225688
-2.226434
-2.226478
-2.227567
-2.227721
-2.228446
-2.228781
-2.228952
-2.230739
-2.234214
-2.234998
-2.235826
-2.235894
-2.236295
-2.236461
-2.237843
-2.239107
-2.239738
-2.24049
-2.241685
-2.241862
-2.243561
-2.244663
-2.247
-2.25173
-2.252519
-2.252711
-2.252745
-2.253102
-2.253934
-2.254761
-2.255848
-2.256849
-2.25731
-2.257897
-2.258113
-2.262964
-2.263407
-2.264096
-2.264839
-2.265466
-2.265936
-2.266174
-2.267601
-2.267788
-2.269399
-2.26941
-2.269537
-2.271269
-2.2713
-2.271571
-2.272441
-2.272826
-2.273536
-2.274118
-2.274167
-2.277058
-2.277313
-2.278006
-2.278706
-2.278983
-2.279646
-2.279856
-2.28056
-2.282142
-2.284828
-2.28497
-2.28525
-2.286456
-2.286627
-2.290072
-2.290619
-2.292164
-2.292233
-2.293694
-2.293823
-2.294553
-2.295018
-2.295301
-2.297112
-2.298121
-2.301476
-2.302436
-2.302496
-2.302655
-2.303282
-2.303573
-2.304892
-2.305045
-2.305577
-2.306498
-2.309518
-2.309652
-2.310545
-2.31164
-2.311974
-2.31322
-2.314383
-2.314399
-2.314437
-2.314606
-2.315711
-2.315899
-2.31839
-2.318711
-2.319947
-2.320709
-2.321
-2.321858
-2.324149
-2.324659
-2.325249
-2.325954
-2.329337
-2.329601
-2.331271
-2.332048
-2.332832
-2.333617
-2.333641
-2.337914
-2.339636
-2.339749
-2.341549
-2.344961
-2.346145
-2.346566
-2.347254
-2.347544
-2.349251
-2.35151
-2.351627
-2.353775
-2.353894
-2.35474
-2.355851
-2.356508
-2.356921
-2.357743
-2.358921
-2.36155
-2.364379
-2.36507
-2.365719
-2.368177
-2.37
-2.370169
-2.370212
-2.371206
-2.371543
-2.371608
-2.372343
-2.374161
-2.3755
-2.376111
-2.377993
-2.379994
-2.380786
-2.381747
-2.382168
-2.384221
-2.385083
-2.385317
-2.387509
-2.389127
-2.389455
-2.389456
-2.389523
-2.391471
-2.391769
-2.392459
-2.392681
-2.39605
-2.39799
-2.398526
-2.398586
-2.399912
-2.400216
-2.401653
-2.401744
-2.40214
-2.403687
-2.404971
-2.405732
-2.40767
-2.407695
-2.408156
-2.410047
-2.410708
-2.411348
-2.411396
-2.412477
-2.412494
-2.413018
-2.413052
-2.413358
-2.415506
-2.415703
-2.415771
-2.416211
-2.417238
-2.41725
-2.4175
-2.419156
-2.419214
-2.419479
-2.420475
-2.420941
-2.422751
-2.424043
-2.424473
-2.424889
-2.425111
-2.425871
-2.426541
-2.427074
-2.428108
-2.432781
-2.433086
-2.43388
-2.434874
-2.43508
-2.43566
-2.435978
-2.436965
-2.439308
-2.439434
-2.439524
-2.440523
-2.440625
-2.443901
-2.443991
-2.445606
-2.44598
-2.446738
-2.446957
-2.448011
-2.448879
-2.449482
-2.449995
-2.454761
-2.455432
-2.455683
-2.459554
-2.460521
-2.460615
-2.461432
-2.462424
-2.464921
-2.466667
-2.467304
-2.467922
-2.469083
-2.470064
-2.473289
-2.473416
-2.473783
-2.473908
-2.475592
-2.475944
-2.476297
-2.477354
-2.478157
-2.478872
-2.479164
-2.479451
-2.482528
-2.483333
-2.485381
-2.486093
-2.486754
-2.486961
-2.487392
-2.487716
-2.488461
-2.491817
-2.492624
-2.492647
-2.492847
-2.492936
-2.494124
-2.494129
-2.495043
-2.497155
-2.497222
-2.497532
-2.498838
-2.501559
-2.502607
-2.503344
-2.504542
-2.504583
-2.50513
-2.506254
-2.506794
-2.506876
-2.508036
-2.508077
-2.5125
-2.513204
-2.513507
-2.515668
-2.516079
-2.516667
-2.517869
-2.51808
-2.518145
-2.51884
-2.51906
-2.519847
-2.521609
-2.523945
-2.524221
-2.52698
-2.527009
-2.527779
-2.528136
-2.528894
-2.529474
-2.529969
-2.530279
-2.530942
-2.531147
-2.531623
-2.533437
-2.533868
-2.536111
-2.538305
-2.539598
-2.539663
-2.541807
-2.542155
-2.542447
-2.543077
-2.544635
-2.544762
-2.544915
-2.545047
-2.54713
-2.55
-2.550174
-2.551193
-2.551266
-2.55337
-2.55403
-2.555295
-2.562215
-2.562578
-2.563355
-2.564667
-2.566
-2.566
-2.566252
-2.566284
-2.568626
-2.570025
-2.570075
-2.570991
-2.573143
-2.575047
-2.575167
-2.575202
-2.576014
-2.576282
-2.58131
-2.58142
-2.583453
-2.58382
-2.584237
-2.5844
-2.585079
-2.585274
-2.585593
-2.587667
-2.591845
-2.593
-2.593588
-2.594579
-2.596651
-2.596944
-2.597233
-2.598178
-2.599587
-2.601994
-2.602107
-2.602225
-2.602456
-2.603768
-2.603873
-2.604671
-2.607643
-2.609722
-2.610278
-2.610573
-2.610925
-2.611436
-2.611526
-2.614935
-2.615314
-2.617193
-2.617937
-2.618277
-2.61857
-2.61939
-2.61942
-2.620859
-2.620997
-2.621667
-2.62175
-2.622788
-2.62399
-2.624532
-2.626475
-2.626606
-2.630543
-2.632655
-2.633242
-2.633333
-2.633635
-2.633777
-2.633802
-2.635532
-2.635902
-2.636272
-2.638611
-2.639167
-2.639302
-2.6398
-2.640114
-2.640236
-2.640748
-2.641844
-2.641978
-2.642236
-2.642274
-2.642515
-2.642724
-2.642967
-2.644528
-2.644564
-2.645078
-2.64774
-2.64923
-2.650441
-2.650866
-2.650985
-2.651513
-2.653532
-2.654319
-2.654584
-2.655694
-2.657406
-2.657921
-2.659945
-2.661105
-2.661135
-2.662719
-2.664912
-2.665456
-2.666353
-2.667628
-2.667893
-2.668525
-2.6688
-2.66889
-2.670013
-2.67099
-2.671
-2.673385
-2.67406
-2.67522
-2.675309
-2.677051
-2.678589
-2.678975
-2.679144
-2.680185
-2.680383
-2.680989
-2.684153
-2.685056
-2.687307
-2.688159
-2.688209
-2.690376
-2.690925
-2.692941
-2.694138
-2.69415
-2.694855
-2.696304
-2.696367
-2.697
-2.697101
-2.69815
-2.698229
-2.698322
-2.698464
-2.699214
-2.7
-2.705041
-2.707037
-2.707949
-2.70837
-2.710933
-2.713375
-2.716667
-2.717246
-2.7183
-2.71833
-2.718889
-2.718959
-2.7191
-2.720068
-2.720247
-2.722103
-2.722158
-2.722401
-2.725224
-2.725344
-2.725983
-2.726496
-2.729513
-2.730995
-2.732766
-2.733063
-2.733236
-2.733836
-2.734324
-2.737147
-2.739681
-2.740615
-2.743056
-2.743719
-2.745168
-2.745406
-2.74691
-2.748897
-2.749615
-2.749762
-2.750611
-2.750642
-2.750973
-2.751464
-2.752739
-2.753756
-2.753905
-2.755545
-2.756927
-2.757274
-2.757446
-2.757778
-2.757938
-2.759273
-2.759309
-2.760229
-2.761148
-2.762882
-2.763092
-2.764143
-2.764917
-2.766851
-2.767255
-2.767518
-2.767771
-2.768869
-2.769799
-2.769917
-2.772906
-2.773482
-2.774117
-2.774394
-2.774473
-2.776111
-2.779088
-2.780104
-2.783333
-2.784141
-2.78473
-2.784892
-2.785056
-2.785575
-2.787492
-2.787729
-2.790071
-2.79043
-2.790928
-2.791876
-2.793166
-2.79432
-2.795419
-2.796175
-2.796326
-2.79705
-2.797098
-2.798212
-2.7993
-2.800397
-2.800831
-2.801092
-2.801795
-2.803459
-2.804408
-2.804464
-2.804965
-2.806261
-2.807778
-2.808181
-2.8083
-2.808402
-2.809056
-2.809569
-2.810701
-2.811389
-2.812738
-2.812848
-2.8139
-2.814371
-2.814408
-2.815388
-2.816489
-2.8169
-2.817588
-2.817813
-2.818308
-2.81983
-2.82106
-2.82175
-2.824648
-2.825801
-2.830334
-2.831537
-2.832167
-2.833227
-2.833314
-2.834565
-2.834686
-2.840678
-2.841026
-2.841517
-2.841589
-2.841618
-2.841893
-2.842353
-2.842817
-2.843132
-2.843731
-2.844
-2.845027
-2.845552
-2.845833
-2.846298
-2.846487
-2.846714
-2.848529
-2.849125
-2.849378
-2.849684
-2.850387
-2.851431
-2.852024
-2.852499
-2.852778
-2.853549
-2.853939
-2.85539
-2.856008
-2.856914
-2.858356
-2.858656
-2.860322
-2.860401
-2.861313
-2.861402
-2.862144
-2.86232
-2.865805
-2.866667
-2.868243
-2.870508
-2.870697
-2.870902
-2.871385
-2.871944
-2.872574
-2.872613
-2.873104
-2.873626
-2.874989
-2.875932
-2.87743
-2.879353
-2.879802
-2.880722
-2.881833
-2.882306
-2.883265
-2.883333
-2.883523
-2.884297
-2.884975
-2.885556
-2.885615
-2.88629
-2.88657
-2.886906
-2.887695
-2.887839
-2.88795
-2.888074
-2.888904
-2.888909
-2.88922
-2.889883
-2.890032
-2.890139
-2.890399
-2.892307
-2.894581
-2.894979
-2.895233
-2.895931
-2.895991
-2.895997
-2.899395
-2.89966
-2.902253
-2.902508
-2.902856
-2.906111
-2.906795
-2.908328
-2.910629
-2.910686
-2.911111
-2.911659
-2.913199
-2.914215
-2.914652
-2.915418
-2.915822
-2.917886
-2.918541
-2.9222
-2.922222
-2.922605
-2.923441
-2.92358
-2.924341
-2.925027
-2.925086
-2.925579
-2.925584
-2.928168
-2.931033
-2.93149
-2.931715
-2.932089
-2.933333
-2.93436
-2.936468
-2.938333
-2.938876
-2.941914
-2.9426
-2.943015
-2.945217
-2.945273
-2.946418
-2.947593
-2.947798
-2.948596
-2.948646
-2.949425
-2.950102
-2.950269
-2.950481
-2.951034
-2.95259
-2.953087
-2.953815
-2.954972
-2.956199
-2.95777
-2.958514
-2.958995
-2.960031
-2.960818
-2.961038
-2.961143
-2.961361
-2.961486
-2.961956
-2.962
-2.962425
-2.962985
-2.963024
-2.964019
-2.964246
-2.965323
-2.966848
-2.968477
-2.969261
-2.969444
-2.975464
-2.978674
-2.978881
-2.980024
-2.980882
-2.981962
-2.98217
-2.982607
-2.983002
-2.983674
-2.984723
-2.985259
-2.985459
-2.985576
-2.987556
-2.987704
-2.987816
-2.988702
-2.989589
-2.991395
-2.992662
-2.992985
-2.993985
-2.994002
-2.994755
-2.99514
-2.995797
-2.996356
-2.996469
-2.996742
-2.997184
-2.997695
-2.99873
-2.999204
-2.999697
-3.001022
-3.001539
-3.002167
-3.003631
-3.003786
-3.004386
-3.005141
-3.00545
-3.005702
-3.006447
-3.006566
-3.00694
-3.007774
-3.00797
-3.008889
-3.008889
-3.009623
-3.010099
-3.010809
-3.011809
-3.012189
-3.012261
-3.012353
-3.012378
-3.012567
-3.013395
-3.014678
-3.016062
-3.016147
-3.016667
-3.017947
-3.018889
-3.019801
-3.019817
-3.020252
-3.020807
-3.022522
-3.024993
-3.025622
-3.026757
-3.026787
-3.026801
-3.029402
-3.030298
-3.030358
-3.031099
-3.031772
-3.032538
-3.032914
-3.035548
-3.036083
-3.038363
-3.039334
-3.040702
-3.041634
-3.041812
-3.042048
-3.042188
-3.042736
-3.042809
-3.044275
-3.045409
-3.046514
-3.047219
-3.049242
-3.049552
-3.051048
-3.051075
-3.053446
-3.053849
-3.053864
-3.054152
-3.054468
-3.054754
-3.055952
-3.05637
-3.057492
-3.057771
-3.059203
-3.059833
-3.059993
-3.060073
-3.060354
-3.061546
-3.061644
-3.062313
-3.063056
-3.064513
-3.065058
-3.066409
-3.06658
-3.06729
-3.067591
-3.068187
-3.071129
-3.072488
-3.072989
-3.073008
-3.073498
-3.074003
-3.075709
-3.076671
-3.077159
-3.078111
-3.078167
-3.079441
-3.080854
-3.082017
-3.082139
-3.0831
-3.083123
-3.084511
-3.084554
-3.08537
-3.086152
-3.087131
-3.087194
-3.087678
-3.088184
-3.088472
-3.088776
-3.089445
-3.090193
-3.090263
-3.091199
-3.091343
-3.094
-3.094111
-3.094858
-3.095317
-3.096873
-3.097235
-3.098835
-3.1
-3.100409
-3.100931
-3.101844
-3.102188
-3.102278
-3.103404
-3.105282
-3.106115
-3.107607
-3.108971
-3.109499
-3.110586
-3.111498
-3.112634
-3.113948
-3.114783
-3.114865
-3.115048
-3.115167
-3.116191
-3.116288
-3.116667
-3.118647
-3.118667
-3.119017
-3.121655
-3.12215
-3.125767
-3.126242
-3.126263
-3.126269
-3.128209
-3.13123
-3.131298
-3.131925
-3.133893
-3.134583
-3.134632
-3.134803
-3.13507
-3.135223
-3.135633
-3.137986
-3.138551
-3.14257
-3.145555
-3.145698
-3.150055
-3.1525
-3.155397
-3.157129
-3.157743
-3.159549
-3.159872
-3.161336
-3.162195
-3.162302
-3.162585
-3.162595
-3.165951
-3.166493
-3.166829
-3.16904
-3.16995
-3.173344
-3.173942
-3.17496
-3.175737
-3.177209
-3.177605
-3.180049
-3.180546
-3.181895
-3.182096
-3.182951
-3.183245
-3.185218
-3.189796
-3.190274
-3.190379
-3.191916
-3.193589
-3.193922
-3.19425
-3.194556
-3.196942
-3.198172
-3.198695
-3.199341
-3.19961
-3.20015
-3.200787
-3.200962
-3.202323
-3.203485
-3.204902
-3.205283
-3.205976
-3.206428
-3.206735
-3.208557
-3.210137
-3.210813
-3.212306
-3.2179
-3.218777
-3.219167
-3.2195
-3.21957
-3.221704
-3.22192
-3.22209
-3.225788
-3.226378
-3.228537
-3.230659
-3.232102
-3.233114
-3.233333
-3.233801
-3.234641
-3.234747
-3.234902
-3.235551
-3.23648
-3.237118
-3.237395
-3.238199
-3.23942
-3.240428
-3.240909
-3.241389
-3.241523
-3.242159
-3.243183
-3.243547
-3.243724
-3.244309
-3.24591
-3.246329
-3.247577
-3.248165
-3.248884
-3.253733
-3.254799
-3.25509
-3.257045
-3.259629
-3.260146
-3.260278
-3.262168
-3.262723
-3.26404
-3.26404
-3.264715
-3.266128
-3.266871
-3.267122
-3.267524
-3.268549
-3.268585
-3.270114
-3.271
-3.275091
-3.275975
-3.277798
-3.278269
-3.280796
-3.281149
-3.283208
-3.283333
-3.284761
-3.286108
-3.286438
-3.28705
-3.287597
-3.288546
-3.291975
-3.292531
-3.294353
-3.294846
-3.297135
-3.29737
-3.298552
-3.298869
-3.298921
-3.299189
-3.299494
-3.299801
-3.300676
-3.302191
-3.30298
-3.303884
-3.30504
-3.305166
-3.305534
-3.306595
-3.309347
-3.30959
-3.310278
-3.310386
-3.312734
-3.313725
-3.314466
-3.315369
-3.315817
-3.316667
-3.316667
-3.320455
-3.321994
-3.323369
-3.323521
-3.32405
-3.324481
-3.325467
-3.32677
-3.327312
-3.328088
-3.328386
-3.328439
-3.328738
-3.331664
-3.331701
-3.332983
-3.337636
-3.338467
-3.339654
-3.34408
-3.345308
-3.345795
-3.347642
-3.348044
-3.348246
-3.349127
-3.351927
-3.351936
-3.352177
-3.352198
-3.352545
-3.353925
-3.354188
-3.354991
-3.356015
-3.356741
-3.357422
-3.358344
-3.358483
-3.358654
-3.359444
-3.359463
-3.360132
-3.360913
-3.361339
-3.361871
-3.362127
-3.363317
-3.364136
-3.366666
-3.367153
-3.367249
-3.368519
-3.368908
-3.370491
-3.371774
-3.373172
-3.373922
-3.373947
-3.377597
-3.378795
-3.380982
-3.381955
-3.382125
-3.38222
-3.384104
-3.38459
-3.386741
-3.387443
-3.387693
-3.38779
-3.389445
-3.389869
-3.391455
-3.391559
-3.391667
-3.391761
-3.392131
-3.395027
-3.397841
-3.398698
-3.39957
-3.400713
-3.401597
-3.401651
-3.402259
-3.403089
-3.405133
-3.408202
-3.409393
-3.410147
-3.411761
-3.41205
-3.412258
-3.412477
-3.412804
-3.414072
-3.41566
-3.415684
-3.41759
-3.418952
-3.419734
-3.422227
-3.422723
-3.423473
-3.42399
-3.424838
-3.424978
-3.425503
-3.427225
-3.428235
-3.428753
-3.428978
-3.429829
-3.430886
-3.431007
-3.43402
-3.436966
-3.437732
-3.437926
-3.43808
-3.438619
-3.439148
-3.439418
-3.439418
-3.439631
-3.440882
-3.4409
-3.441567
-3.444847
-3.449363
-3.449722
-3.449943
-3.453193
-3.454731
-3.455428
-3.457924
-3.458243
-3.459021
-3.459093
-3.459096
-3.459788
-3.459925
-3.461408
-3.461727
-3.462054
-3.46434
-3.465148
-3.465914
-3.466667
-3.467174
-3.4672
-3.467453
-3.468192
-3.468285
-3.468393
-3.468888
-3.469237
-3.473988
-3.475017
-3.475125
-3.476529
-3.476729
-3.477073
-3.477578
-3.479771
-3.480297
-3.480488
-3.480564
-3.481002
-3.481053
-3.481737
-3.482172
-3.484442
-3.484903
-3.48511
-3.485178
-3.485922
-3.486305
-3.486718
-3.487223
-3.487787
-3.487864
-3.488029
-3.490485
-3.494407
-3.494669
-3.49485
-3.495556
-3.497902
-3.498399
-3.498973
-3.499733
-3.501162
-3.501816
-3.502227
-3.502375
-3.502635
-3.502934
-3.503289
-3.504531
-3.5047
-3.504839
-3.505684
-3.507662
-3.507748
-3.507772
-3.510031
-3.51129
-3.513244
-3.514102
-3.514251
-3.516209
-3.516533
-3.516718
-3.516723
-3.516941
-3.517124
-3.517222
-3.517399
-3.518604
-3.520228
-3.520237
-3.521135
-3.52139
-3.521574
-3.523135
-3.525082
-3.525749
-3.527549
-3.527793
-3.530057
-3.53016
-3.530301
-3.532114
-3.53227
-3.534245
-3.53483
-3.53536
-3.535495
-3.536
-3.536148
-3.536694
-3.5374
-3.537524
-3.538488
-3.539236
-3.539319
-3.539469
-3.540921
-3.54248
-3.545477
-3.54552
-3.546936
-3.546999
-3.550382
-3.550907
-3.552301
-3.553835
-3.555112
-3.556313
-3.55778
-3.558474
-3.559022
-3.56
-3.561255
-3.562804
-3.562917
-3.563763
-3.565464
-3.565627
-3.56616
-3.567094
-3.568544
-3.568581
-3.570501
-3.570618
-3.570654
-3.570852
-3.572239
-3.572908
-3.572985
-3.573707
-3.573741
-3.573889
-3.574296
-3.574928
-3.575904
-3.577918
-3.580227
-3.580616
-3.581837
-3.582034
-3.582258
-3.582663
-3.582952
-3.583582
-3.584668
-3.584872
-3.585321
-3.586656
-3.586886
-3.587108
-3.588164
-3.588935
-3.590637
-3.592461
-3.593292
-3.59443
-3.594484
-3.594756
-3.596607
-3.596634
-3.597602
-3.597678
-3.597929
-3.599468
-3.601528
-3.601624
-3.602471
-3.603288
-3.603684
-3.603798
-3.605814
-3.606203
-3.60672
-3.607518
-3.607883
-3.607937
-3.608163
-3.610348
-3.61165
-3.611917
-3.612393
-3.613547
-3.61375
-3.613922
-3.615412
-3.615572
-3.615861
-3.616015
-3.616497
-3.616573
-3.61703
-3.617723
-3.617981
-3.6182
-3.6184
-3.620033
-3.621846
-3.622139
-3.622163
-3.623026
-3.624634
-3.625026
-3.626066
-3.626274
-3.626348
-3.626394
-3.626719
-3.629415
-3.631472
-3.631522
-3.631667
-3.63392
-3.635073
-3.635789
-3.635799
-3.635844
-3.6359
-3.636723
-3.636805
-3.637582
-3.638126
-3.638333
-3.638711
-3.638916
-3.639612
-3.640737
-3.641817
-3.642048
-3.642091
-3.643112
-3.643586
-3.644559
-3.644677
-3.645584
-3.64595
-3.649323
-3.65
-3.651098
-3.652041
-3.652762
-3.653675
-3.6538
-3.654604
-3.65548
-3.657415
-3.657612
-3.659911
-3.660142
-3.660519
-3.661389
-3.662956
-3.664777
-3.665262
-3.666354
-3.667676
-3.668151
-3.67
-3.670436
-3.671118
-3.672423
-3.672688
-3.673573
-3.674449
-3.675512
-3.677197
-3.679874
-3.681497
-3.683473
-3.683778
-3.6846
-3.685354
-3.686021
-3.686191
-3.686501
-3.686569
-3.687416
-3.688242
-3.689073
-3.689205
-3.690509
-3.690677
-3.690736
-3.692717
-3.692719
-3.692753
-3.694269
-3.695434
-3.695628
-3.696013
-3.697418
-3.697733
-3.698333
-3.699167
-3.699386
-3.699731
-3.7
-3.700278
-3.700346
-3.702686
-3.703652
-3.704775
-3.706416
-3.706703
-3.707412
-3.708914
-3.70969
-3.710233
-3.711944
-3.712258
-3.713181
-3.71382
-3.716074
-3.718601
-3.719076
-3.722502
-3.722878
-3.724704
-3.724982
-3.725459
-3.726047
-3.729234
-3.73029
-3.730296
-3.731667
-3.732577
-3.732677
-3.733035
-3.73432
-3.734942
-3.736424
-3.737718
-3.739049
-3.740191
-3.741645
-3.742174
-3.7425
-3.743112
-3.745252
-3.749051
-3.749611
-3.749722
-3.75
-3.750029
-3.750781
-3.750995
-3.751569
-3.753572
-3.75369
-3.755465
-3.75596
-3.75647
-3.75887
-3.758988
-3.761499
-3.764771
-3.766043
-3.766267
-3.766699
-3.76779
-3.768611
-3.77008
-3.77164
-3.772063
-3.772502
-3.77254
-3.772741
-3.773487
-3.773702
-3.774258
-3.774781
-3.774859
-3.776208
-3.776581
-3.777296
-3.778
-3.778751
-3.779343
-3.779552
-3.780438
-3.781646
-3.782012
-3.783053
-3.783356
-3.785393
-3.785833
-3.786422
-3.786434
-3.789361
-3.789518
-3.790607
-3.791711
-3.791871
-3.791897
-3.792133
-3.794107
-3.795513
-3.795598
-3.796304
-3.796505
-3.798929
-3.800329
-3.802108
-3.803175
-3.803176
-3.803644
-3.804945
-3.805358
-3.805764
-3.806705
-3.807934
-3.808806
-3.809135
-3.809568
-3.810801
-3.81166
-3.813062
-3.81413
-3.814537
-3.817178
-3.817681
-3.818161
-3.81857
-3.819026
-3.819392
-3.819411
-3.819528
-3.819645
-3.821324
-3.821794
-3.822133
-3.822472
-3.822807
-3.823198
-3.823738
-3.823925
-3.824701
-3.824841
-3.825141
-3.826122
-3.827206
-3.828811
-3.829452
-3.829724
-3.829885
-3.833068
-3.834064
-3.83422
-3.836551
-3.837347
-3.837884
-3.838214
-3.838241
-3.839415
-3.839462
-3.839471
-3.842888
-3.843711
-3.843788
-3.843971
-3.845113
-3.845257
-3.846759
-3.849206
-3.849833
-3.850833
-3.85209
-3.854127
-3.854225
-3.854879
-3.855835
-3.856192
-3.856474
-3.857
-3.857505
-3.861412
-3.861802
-3.862995
-3.864727
-3.864914
-3.865741
-3.869621
-3.870618
-3.871097
-3.871454
-3.872304
-3.872826
-3.87417
-3.874646
-3.875266
-3.875736
-3.876649
-3.876736
-3.876992
-3.879167
-3.879398
-3.879782
-3.882071
-3.882187
-3.882231
-3.883333
-3.884589
-3.884605
-3.885819
-3.890747
-3.891293
-3.89347
-3.894323
-3.895521
-3.896081
-3.896081
-3.896111
-3.897694
-3.898076
-3.89849
-3.9
-3.90059
-3.901091
-3.901966
-3.901975
-3.902586
-3.903411
-3.904777
-3.906
-3.90712
-3.908585
-3.909619
-3.910012
-3.911721
-3.912299
-3.912524
-3.913137
-3.913288
-3.914589
-3.91689
-3.917691
-3.918213
-3.919351
-3.919512
-3.919893
-3.920084
-3.920291
-3.920716
-3.922307
-3.922378
-3.925078
-3.925125
-3.925357
-3.927263
-3.927547
-3.928005
-3.9281
-3.929452
-3.930288
-3.930578
-3.930584
-3.931216
-3.931955
-3.93297
-3.933217
-3.933327
-3.933845
-3.934045
-3.9348
-3.935732
-3.936996
-3.938603
-3.939167
-3.939688
-3.940012
-3.940343
-3.94084
-3.941472
-3.942378
-3.94243
-3.943273
-3.943678
-3.943745
-3.944278
-3.944695
-3.947354
-3.950556
-3.951763
-3.952617
-3.952679
-3.95271
-3.95332
-3.956869
-3.957237
-3.957237
-3.959263
-3.961665
-3.963299
-3.963472
-3.963515
-3.964322
-3.964917
-3.965147
-3.965202
-3.965231
-3.966259
-3.96732
-3.972769
-3.97335
-3.973744
-3.974421
-3.974872
-3.976717
-3.980448
-3.981476
-3.982614
-3.984727
-3.984738
-3.986718
-3.987098
-3.987585
-3.987587
-3.988374
-3.988389
-3.989164
-3.989412
-3.989552
-3.989704
-3.990041
-3.990186
-3.990554
-3.990991
-3.992467
-3.992624
-3.992688
-3.993453
-3.994259
-3.99526
-3.997736
-4
-4
-4.000347
-4.001286
-4.0022
-4.00357
-4.005355
-4.007106
-4.007208
-4.007469
-4.008459
-4.008587
-4.010096
-4.010818
-4.011248
-4.011364
-4.011899
-4.012369
-4.013766
-4.014312
-4.0151
-4.016194
-4.016426
-4.016842
-4.016985
-4.017189
-4.01897
-4.020943
-4.021279
-4.023123
-4.023607
-4.023713
-4.024393
-4.024476
-4.024558
-4.024845
-4.025467
-4.026556
-4.027501
-4.028184
-4.028598
-4.032855
-4.03307
-4.033281
-4.03372
-4.0358
-4.037625
-4.038758
-4.038914
-4.039314
-4.041364
-4.041966
-4.042275
-4.042383
-4.042584
-4.043491
-4.043716
-4.045938
-4.046467
-4.047017
-4.047139
-4.047462
-4.047909
-4.048611
-4.050034
-4.050792
-4.051525
-4.054391
-4.054667
-4.054891
-4.055102
-4.055844
-4.057286
-4.057429
-4.059671
-4.060755
-4.060833
-4.062368
-4.062593
-4.063596
-4.064173
-4.064864
-4.065841
-4.066094
-4.067605
-4.067732
-4.068241
-4.068713
-4.069573
-4.069758
-4.071233
-4.072587
-4.072706
-4.07347
-4.074731
-4.076104
-4.076557
-4.077512
-4.079455
-4.080076
-4.080987
-4.081068
-4.082042
-4.083333
-4.083444
-4.086735
-4.088619
-4.090732
-4.0909
-4.091205
-4.092333
-4.092881
-4.094779
-4.095218
-4.095219
-4.095572
-4.099914
-4.100675
-4.101031
-4.101557
-4.102208
-4.103292
-4.107011
-4.107027
-4.107079
-4.109077
-4.10918
-4.110051
-4.11025
-4.111938
-4.112146
-4.112879
-4.113943
-4.114147
-4.115096
-4.115491
-4.11646
-4.117677
-4.118107
-4.118328
-4.11888
-4.118997
-4.119209
-4.119881
-4.119967
-4.121495
-4.122932
-4.123188
-4.12338
-4.124552
-4.12657
-4.126972
-4.127923
-4.129247
-4.12952
-4.13056
-4.131123
-4.131148
-4.134238
-4.138183
-4.138836
-4.139154
-4.13987
-4.140827
-4.140926
-4.141331
-4.144421
-4.145766
-4.146362
-4.147386
-4.147479
-4.148019
-4.149123
-4.15
-4.151447
-4.151471
-4.152859
-4.153421
-4.154945
-4.157403
-4.158085
-4.158595
-4.158846
-4.159968
-4.161081
-4.162222
-4.16462
-4.166667
-4.168132
-4.1682
-4.169107
-4.169524
-4.169625
-4.170608
-4.172033
-4.173882
-4.174846
-4.174885
-4.175273
-4.175569
-4.175645
-4.176731
-4.177177
-4.17864
-4.181263
-4.181604
-4.18356
-4.183645
-4.183983
-4.184025
-4.184207
-4.184721
-4.184987
-4.185407
-4.187304
-4.18839
-4.190963
-4.19239
-4.192946
-4.194168
-4.194777
-4.194839
-4.195808
-4.197915
-4.198538
-4.198915
-4.199188
-4.199917
-4.200034
-4.202217
-4.203881
-4.206628
-4.206666
-4.20911
-4.209178
-4.20943
-4.210704
-4.211058
-4.213979
-4.214694
-4.215496
-4.216667
-4.217409
-4.217501
-4.219127
-4.219841
-4.221106
-4.223928
-4.226097
-4.227346
-4.227978
-4.228007
-4.229168
-4.230424
-4.232392
-4.232728
-4.233235
-4.233763
-4.23489
-4.235653
-4.238043
-4.238618
-4.238953
-4.239007
-4.240785
-4.241545
-4.244414
-4.244519
-4.24537
-4.245831
-4.246944
-4.247061
-4.247441
-4.250652
-4.250834
-4.252292
-4.253353
-4.254001
-4.254504
-4.256989
-4.257667
-4.257937
-4.258042
-4.2593
-4.259672
-4.25986
-4.260221
-4.260656
-4.265683
-4.26627
-4.266704
-4.268831
-4.269073
-4.26913
-4.272139
-4.272515
-4.272528
-4.273436
-4.273617
-4.274498
-4.275504
-4.276523
-4.276877
-4.278765
-4.281538
-4.282607
-4.284419
-4.28475
-4.28723
-4.290878
-4.291184
-4.291222
-4.291507
-4.292852
-4.293622
-4.294691
-4.294878
-4.295926
-4.296044
-4.296141
-4.297044
-4.297102
-4.298384
-4.301386
-4.301824
-4.303091
-4.30376
-4.304459
-4.305642
-4.305842
-4.308174
-4.308423
-4.308839
-4.309361
-4.311825
-4.316231
-4.316415
-4.316654
-4.318077
-4.318819
-4.319597
-4.319798
-4.323468
-4.32373
-4.324175
-4.326
-4.326089
-4.326336
-4.326694
-4.327307
-4.329294
-4.330223
-4.33076
-4.331608
-4.334138
-4.335212
-4.335978
-4.336537
-4.338388
-4.339089
-4.342499
-4.34334
-4.343727
-4.345913
-4.347185
-4.347817
-4.348843
-4.349167
-4.350889
-4.352016
-4.353204
-4.357603
-4.357778
-4.358903
-4.361402
-4.361501
-4.362146
-4.363746
-4.364309
-4.364395
-4.364726
-4.365848
-4.366223
-4.369076
-4.369346
-4.371218
-4.37122
-4.371301
-4.373779
-4.375168
-4.375278
-4.378163
-4.379111
-4.379343
-4.380133
-4.381874
-4.383108
-4.383588
-4.38389
-4.385033
-4.385375
-4.386165
-4.386276
-4.387545
-4.389698
-4.391364
-4.393612
-4.393997
-4.394657
-4.395741
-4.396164
-4.397521
-4.398091
-4.400366
-4.401175
-4.401387
-4.4025
-4.403674
-4.404017
-4.404407
-4.406819
-4.409563
-4.410702
-4.410842
-4.413055
-4.413782
-4.414079
-4.414613
-4.417356
-4.420019
-4.421913
-4.422359
-4.42506
-4.425931
-4.425953
-4.426724
-4.427324
-4.42814
-4.428266
-4.428361
-4.428842
-4.428869
-4.428977
-4.429997
-4.43022
-4.435236
-4.436669
-4.437123
-4.43835
-4.439495
-4.441111
-4.441792
-4.443737
-4.445142
-4.447104
-4.447528
-4.449654
-4.44998
-4.450837
-4.453449
-4.45466
-4.455605
-4.456778
-4.457226
-4.457754
-4.461307
-4.461882
-4.462027
-4.464714
-4.464909
-4.466344
-4.466667
-4.467291
-4.469614
-4.469901
-4.47014
-4.47202
-4.472108
-4.472222
-4.472253
-4.476349
-4.476836
-4.47994
-4.480036
-4.480228
-4.481579
-4.482055
-4.482165
-4.482509
-4.483085
-4.483604
-4.483611
-4.485598
-4.486163
-4.487045
-4.489641
-4.489717
-4.489736
-4.490765
-4.490765
-4.493434
-4.494053
-4.494374
-4.495456
-4.495955
-4.49662
-4.497182
-4.49834
-4.498671
-4.498775
-4.499135
-4.5
-4.500002
-4.500273
-4.500794
-4.500968
-4.502378
-4.502765
-4.503831
-4.503937
-4.504412
-4.504695
-4.505118
-4.5088
-4.509432
-4.515163
-4.515538
-4.51648
-4.516803
-4.517357
-4.517657
-4.518333
-4.519117
-4.519494
-4.520939
-4.520943
-4.521373
-4.523818
-4.524873
-4.527061
-4.527209
-4.527472
-4.529464
-4.530541
-4.53069
-4.531021
-4.531175
-4.531389
-4.535896
-4.53864
-4.538978
-4.539612
-4.540418
-4.540719
-4.543277
-4.543957
-4.544615
-4.544879
-4.545728
-4.545815
-4.546052
-4.546063
-4.55071
-4.552363
-4.552967
-4.555526
-4.556459
-4.557374
-4.562885
-4.563919
-4.566011
-4.566612
-4.566667
-4.566763
-4.567846
-4.568843
-4.569388
-4.57
-4.57237
-4.57295
-4.573022
-4.573368
-4.576035
-4.578562
-4.578611
-4.579111
-4.57963
-4.580059
-4.580409
-4.581106
-4.581257
-4.581374
-4.581713
-4.583137
-4.583333
-4.583651
-4.584489
-4.585647
-4.588226
-4.588347
-4.59
-4.591662
-4.594394
-4.595861
-4.596936
-4.597004
-4.599902
-4.600601
-4.601235
-4.601765
-4.602565
-4.606659
-4.608767
-4.609769
-4.610203
-4.612792
-4.613097
-4.614254
-4.61457
-4.614833
-4.615232
-4.61599
-4.620405
-4.620681
-4.621687
-4.622241
-4.6227
-4.624353
-4.624889
-4.627491
-4.628341
-4.630741
-4.632734
-4.632938
-4.633421
-4.633556
-4.633691
-4.634735
-4.634857
-4.635879
-4.637619
-4.638284
-4.638313
-4.638578
-4.639593
-4.639876
-4.64045
-4.640789
-4.64151
-4.64183
-4.642211
-4.643072
-4.645412
-4.645665
-4.645718
-4.647348
-4.647501
-4.649365
-4.649852
-4.650373
-4.650744
-4.650817
-4.652052
-4.652815
-4.653146
-4.654995
-4.656057
-4.656812
-4.657106
-4.658073
-4.658901
-4.659084
-4.660477
-4.663723
-4.663771
-4.66421
-4.664681
-4.665318
-4.665422
-4.665703
-4.666776
-4.66711
-4.671304
-4.672615
-4.672858
-4.67709
-4.67746
-4.679456
-4.679905
-4.680885
-4.681275
-4.682141
-4.682709
-4.683382
-4.685131
-4.686781
-4.68732
-4.688044
-4.688344
-4.689145
-4.690419
-4.691447
-4.692118
-4.693007
-4.693898
-4.694349
-4.696246
-4.69809
-4.698733
-4.698889
-4.699579
-4.699863
-4.700323
-4.701925
-4.702911
-4.703457
-4.706715
-4.707456
-4.707685
-4.71
-4.711933
-4.715201
-4.715439
-4.715664
-4.717906
-4.717926
-4.721681
-4.721731
-4.723994
-4.724235
-4.725373
-4.72748
-4.728388
-4.729424
-4.729656
-4.730068
-4.730435
-4.7318
-4.734877
-4.736195
-4.738232
-4.739214
-4.739292
-4.740725
-4.741319
-4.742416
-4.745263
-4.745925
-4.747359
-4.749699
-4.750336
-4.750914
-4.752031
-4.755482
-4.756086
-4.757426
-4.759532
-4.760344
-4.760686
-4.762154
-4.763438
-4.763939
-4.764007
-4.765412
-4.766521
-4.766778
-4.7686
-4.769318
-4.770289
-4.770429
-4.770465
-4.770861
-4.771836
-4.775988
-4.777152
-4.7776
-4.777665
-4.779152
-4.779276
-4.780129
-4.781026
-4.781778
-4.78178
-4.78183
-4.782099
-4.782716
-4.783727
-4.783861
-4.78407
-4.784336
-4.784845
-4.784959
-4.785211
-4.786215
-4.786329
-4.789592
-4.79
-4.79148
-4.791722
-4.792194
-4.792297
-4.793577
-4.796458
-4.796787
-4.799212
-4.799979
-4.8
-4.800335
-4.800506
-4.802578
-4.802787
-4.803108
-4.807833
-4.807941
-4.810708
-4.811044
-4.817433
-4.817978
-4.818228
-4.818235
-4.818239
-4.821207
-4.821985
-4.823366
-4.823821
-4.824157
-4.82498
-4.825576
-4.826713
-4.826726
-4.82735
-4.827693
-4.827815
-4.829782
-4.829856
-4.831124
-4.831933
-4.833355
-4.833488
-4.834432
-4.834677
-4.835894
-4.836321
-4.836677
-4.837343
-4.838498
-4.839691
-4.839919
-4.840012
-4.840533
-4.840821
-4.841893
-4.842025
-4.842167
-4.842389
-4.842566
-4.842773
-4.845067
-4.845094
-4.845123
-4.84626
-4.846615
-4.846642
-4.848131
-4.848376
-4.849229
-4.849428
-4.850014
-4.851113
-4.851441
-4.852352
-4.855132
-4.855737
-4.85646
-4.856492
-4.857163
-4.857165
-4.857982
-4.859519
-4.860106
-4.861142
-4.861525
-4.864838
-4.864883
-4.865047
-4.867012
-4.868396
-4.868739
-4.869534
-4.870331
-4.870896
-4.872152
-4.873152
-4.874116
-4.874161
-4.874399
-4.87457
-4.87641
-4.877423
-4.878506
-4.880385
-4.881355
-4.881894
-4.886352
-4.890835
-4.894083
-4.894932
-4.89544
-4.896754
-4.897461
-4.897614
-4.899144
-4.899598
-4.900349
-4.900547
-4.900951
-4.902765
-4.903052
-4.904532
-4.904676
-4.90525
-4.906135
-4.907119
-4.908706
-4.909214
-4.909803
-4.909862
-4.90996
-4.910215
-4.910458
-4.911283
-4.911456
-4.911497
-4.913169
-4.913494
-4.914765
-4.915372
-4.916654
-4.917227
-4.919606
-4.920037
-4.920238
-4.920274
-4.920869
-4.921706
-4.922052
-4.922153
-4.922258
-4.922626
-4.924096
-4.926806
-4.927529
-4.927863
-4.931392
-4.931455
-4.932515
-4.932553
-4.932576
-4.93534
-4.935597
-4.937142
-4.937897
-4.938467
-4.943945
-4.944046
-4.94463
-4.94632
-4.946407
-4.94776
-4.948068
-4.949173
-4.949282
-4.949401
-4.952713
-4.953792
-4.954445
-4.955392
-4.955734
-4.957104
-4.957326
-4.957851
-4.958119
-4.958809
-4.960594
-4.961933
-4.962173
-4.962416
-4.963682
-4.964759
-4.965192
-4.965749
-4.966945
-4.967
-4.9675
-4.967684
-4.967885
-4.968832
-4.969301
-4.969728
-4.969812
-4.969822
-4.970738
-4.97097
-4.972027
-4.974374
-4.975904
-4.978228
-4.978609
-4.979115
-4.980085
-4.980626
-4.982425
-4.98291
-4.984371
-4.987806
-4.987929
-4.988925
-4.990178
-4.990208
-4.990441
-4.991125
-4.991971
-4.996163
-4.997665
-4.998767
-4.999127
-5.000132
-5.000564
-5.003672
-5.004748
-5.005141
-5.005374
-5.010546
-5.010678
-5.011209
-5.012101
-5.012189
-5.012552
-5.012668
-5.012908
-5.014209
-5.014214
-5.014978
-5.01777
-5.018202
-5.019921
-5.019958
-5.020816
-5.021193
-5.021404
-5.023392
-5.024308
-5.025022
-5.025482
-5.025541
-5.026482
-5.026659
-5.03044
-5.03342
-5.033651
-5.033988
-5.035893
-5.035989
-5.036725
-5.037402
-5.038302
-5.040777
-5.040992
-5.04281
-5.043207
-5.044178
-5.045729
-5.046305
-5.046878
-5.047582
-5.04805
-5.048178
-5.04868
-5.048906
-5.049766
-5.051313
-5.051342
-5.051702
-5.054873
-5.055309
-5.055604
-5.055866
-5.055943
-5.05728
-5.058353
-5.059171
-5.059597
-5.063858
-5.065523
-5.066842
-5.06712
-5.069644
-5.071213
-5.073148
-5.074191
-5.074331
-5.076167
-5.078152
-5.079111
-5.079698
-5.079953
-5.080766
-5.08356
-5.08428
-5.086821
-5.087197
-5.088691
-5.089311
-5.090713
-5.090805
-5.091
-5.091141
-5.091348
-5.092264
-5.093503
-5.095984
-5.096187
-5.096365
-5.097033
-5.097692
-5.098537
-5.101006
-5.102748
-5.103904
-5.104175
-5.105528
-5.105713
-5.107038
-5.11081
-5.111281
-5.111573
-5.111902
-5.112507
-5.11295
-5.113495
-5.114106
-5.114378
-5.114545
-5.116322
-5.11683
-5.117516
-5.121545
-5.122006
-5.122354
-5.122461
-5.123031
-5.124511
-5.125302
-5.126967
-5.127171
-5.127748
-5.127767
-5.129627
-5.13352
-5.133875
-5.137988
-5.139702
-5.140064
-5.142038
-5.142063
-5.142811
-5.143276
-5.14331
-5.144388
-5.144903
-5.145377
-5.145677
-5.14595
-5.147208
-5.148333
-5.149076
-5.149274
-5.149421
-5.149775
-5.150429
-5.150565
-5.151443
-5.15255
-5.153312
-5.153931
-5.156746
-5.157395
-5.15879
-5.16
-5.161331
-5.163529
-5.166279
-5.166412
-5.167119
-5.169444
-5.170398
-5.170815
-5.172055
-5.172205
-5.173237
-5.173415
-5.173525
-5.174273
-5.175473
-5.175766
-5.177067
-5.177224
-5.179518
-5.179864
-5.180848
-5.181413
-5.182605
-5.183306
-5.183366
-5.184513
-5.184703
-5.189152
-5.19
-5.19063
-5.191957
-5.193034
-5.19534
-5.196259
-5.197237
-5.198162
-5.198303
-5.199557
-5.20118
-5.201206
-5.202244
-5.202896
-5.203532
-5.206253
-5.206796
-5.207434
-5.207658
-5.208753
-5.209755
-5.210358
-5.210374
-5.211738
-5.213946
-5.215247
-5.215979
-5.217235
-5.217654
-5.218091
-5.218182
-5.219465
-5.219741
-5.220465
-5.221506
-5.222943
-5.222986
-5.224626
-5.22613
-5.227055
-5.227446
-5.230729
-5.233022
-5.233344
-5.234736
-5.23492
-5.235879
-5.236056
-5.236223
-5.237109
-5.239784
-5.240637
-5.242633
-5.242984
-5.245177
-5.246643
-5.246779
-5.248721
-5.249271
-5.249732
-5.251382
-5.252162
-5.25315
-5.255296
-5.255383
-5.257293
-5.257938
-5.25949
-5.25951
-5.260547
-5.261163
-5.261655
-5.262202
-5.264956
-5.265478
-5.266917
-5.267083
-5.267688
-5.268939
-5.269816
-5.270102
-5.270611
-5.272851
-5.273455
-5.273519
-5.275887
-5.276559
-5.276832
-5.276934
-5.276952
-5.277838
-5.278959
-5.27934
-5.28183
-5.281958
-5.282981
-5.283767
-5.284452
-5.284598
-5.28644
-5.287003
-5.287448
-5.287457
-5.288013
-5.28827
-5.290119
-5.292621
-5.294204
-5.297766
-5.299965
-5.300556
-5.30069
-5.301532
-5.302143
-5.305367
-5.30874
-5.310498
-5.31227
-5.31488
-5.315088
-5.315187
-5.317524
-5.322935
-5.323623
-5.324924
-5.325425
-5.325758
-5.326252
-5.326327
-5.328163
-5.328194
-5.328635
-5.328642
-5.330024
-5.332815
-5.340044
-5.340081
-5.340833
-5.342681
-5.343549
-5.343741
-5.345633
-5.346412
-5.348164
-5.348256
-5.348361
-5.348385
-5.35
-5.350197
-5.350849
-5.351212
-5.351436
-5.35168
-5.35243
-5.353886
-5.354189
-5.356558
-5.359241
-5.363
-5.363195
-5.363412
-5.365041
-5.366071
-5.366667
-5.366673
-5.366971
-5.367018
-5.368752
-5.369092
-5.370576
-5.371259
-5.372084
-5.374672
-5.375294
-5.376201
-5.376642
-5.382174
-5.384572
-5.385036
-5.385234
-5.386216
-5.386428
-5.388019
-5.388137
-5.388995
-5.388996
-5.390547
-5.39209
-5.394605
-5.394857
-5.395449
-5.398154
-5.399736
-5.402894
-5.404984
-5.405205
-5.405773
-5.405795
-5.40588
-5.406222
-5.406429
-5.406665
-5.407559
-5.40782
-5.409976
-5.410796
-5.411108
-5.411633
-5.412788
-5.413916
-5.413929
-5.414059
-5.416444
-5.416465
-5.416543
-5.419435
-5.419494
-5.419834
-5.419937
-5.421263
-5.422246
-5.423006
-5.424438
-5.425566
-5.425768
-5.42627
-5.427226
-5.429756
-5.432443
-5.43251
-5.434347
-5.435346
-5.437146
-5.438606
-5.438988
-5.440093
-5.441185
-5.441308
-5.442078
-5.442767
-5.443485
-5.446469
-5.446557
-5.447141
-5.447698
-5.447734
-5.44845
-5.448521
-5.448556
-5.449371
-5.450851
-5.451696
-5.451869
-5.452972
-5.453479
-5.458256
-5.459176
-5.461355
-5.461473
-5.462021
-5.463161
-5.463835
-5.4642
-5.464808
-5.464819
-5.466582
-5.466862
-5.466943
-5.467938
-5.468874
-5.469155
-5.469171
-5.472084
-5.472446
-5.472584
-5.473209
-5.474838
-5.47572
-5.47572
-5.477625
-5.479661
-5.479877
-5.481819
-5.48418
-5.485153
-5.485187
-5.486743
-5.486933
-5.48815
-5.488196
-5.490385
-5.491729
-5.492152
-5.492349
-5.492747
-5.494221
-5.49442
-5.496512
-5.496713
-5.497005
-5.497219
-5.497543
-5.497637
-5.498035
-5.498151
-5.500204
-5.500398
-5.501873
-5.502781
-5.503342
-5.505977
-5.506371
-5.506988
-5.507703
-5.509055
-5.510137
-5.510472
-5.511548
-5.511646
-5.515934
-5.519372
-5.519861
-5.522842
-5.523521
-5.523663
-5.524562
-5.525603
-5.526249
-5.526258
-5.526284
-5.526989
-5.530873
-5.533533
-5.53388
-5.534274
-5.534461
-5.534939
-5.536571
-5.537332
-5.537611
-5.539045
-5.539185
-5.539316
-5.540213
-5.54065
-5.541673
-5.541891
-5.542461
-5.542829
-5.543403
-5.54389
-5.545268
-5.545517
-5.545621
-5.545638
-5.549681
-5.549843
-5.550014
-5.55192
-5.553869
-5.554624
-5.554705
-5.555545
-5.55625
-5.557585
-5.557674
-5.55873
-5.560326
-5.560419
-5.560554
-5.562459
-5.562644
-5.564885
-5.565681
-5.566078
-5.568284
-5.568875
-5.569057
-5.569556
-5.570882
-5.571752
-5.572279
-5.572512
-5.574712
-5.574761
-5.574922
-5.575015
-5.57548
-5.577567
-5.57769
-5.578032
-5.578127
-5.580376
-5.581115
-5.581542
-5.582248
-5.582802
-5.583252
-5.583355
-5.583385
-5.587892
-5.588658
-5.589018
-5.589217
-5.590787
-5.592198
-5.592543
-5.593187
-5.593304
-5.594348
-5.596452
-5.597562
-5.597606
-5.598475
-5.599564
-5.599875
-5.602361
-5.602954
-5.60379
-5.604549
-5.60492
-5.605157
-5.605305
-5.607008
-5.607221
-5.607564
-5.609766
-5.611017
-5.611373
-5.612863
-5.6135
-5.614862
-5.615701
-5.616053
-5.61708
-5.617625
-5.617795
-5.618462
-5.619115
-5.619493
-5.619759
-5.621881
-5.622248
-5.622447
-5.622956
-5.623549
-5.627286
-5.627549
-5.628703
-5.628979
-5.628981
-5.629234
-5.629994
-5.633333
-5.633373
-5.633467
-5.63461
-5.634622
-5.634871
-5.63523
-5.639072
-5.639915
-5.640107
-5.640807
-5.64151
-5.641834
-5.642328
-5.642549
-5.642883
-5.644847
-5.645743
-5.647612
-5.649582
-5.65
-5.651256
-5.651478
-5.651734
-5.652822
-5.653036
-5.653087
-5.654811
-5.655591
-5.65604
-5.656368
-5.656967
-5.657418
-5.658391
-5.659101
-5.659222
-5.661668
-5.661926
-5.662875
-5.663047
-5.663539
-5.664173
-5.66436
-5.66548
-5.666839
-5.669852
-5.670204
-5.670278
-5.671293
-5.671496
-5.671552
-5.672316
-5.673656
-5.67408
-5.675618
-5.676382
-5.676514
-5.677233
-5.677692
-5.677817
-5.677916
-5.679851
-5.681415
-5.682541
-5.682579
-5.683491
-5.683748
-5.685144
-5.685827
-5.686068
-5.686552
-5.687873
-5.689317
-5.68961
-5.68979
-5.690228
-5.69185
-5.692359
-5.692632
-5.693144
-5.693298
-5.693883
-5.694353
-5.697485
-5.697661
-5.699218
-5.699617
-5.700322
-5.701673
-5.70234
-5.70334
-5.70374
-5.705029
-5.706471
-5.707095
-5.707613
-5.708719
-5.709144
-5.709544
-5.710227
-5.710864
-5.711788
-5.714388
-5.714389
-5.715293
-5.719357
-5.719529
-5.720025
-5.72031
-5.721384
-5.722671
-5.722965
-5.723718
-5.727928
-5.728258
-5.728707
-5.730267
-5.730685
-5.733069
-5.73349
-5.733921
-5.73411
-5.734234
-5.734497
-5.735958
-5.736328
-5.737668
-5.738333
-5.738972
-5.738991
-5.739423
-5.741075
-5.742724
-5.743282
-5.743362
-5.743778
-5.744507
-5.745224
-5.745715
-5.746598
-5.747342
-5.747595
-5.747854
-5.748076
-5.7493
-5.749491
-5.75043
-5.752728
-5.75276
-5.754245
-5.754858
-5.75509
-5.755953
-5.756526
-5.757348
-5.759802
-5.760799
-5.760849
-5.761326
-5.762423
-5.763429
-5.763515
-5.766045
-5.766411
-5.768637
-5.769626
-5.770079
-5.770327
-5.770979
-5.772683
-5.773118
-5.773284
-5.77565
-5.776198
-5.779137
-5.780099
-5.781086
-5.781507
-5.781748
-5.782762
-5.78285
-5.783031
-5.784377
-5.784428
-5.785965
-5.787639
-5.789795
-5.789972
-5.79007
-5.790706
-5.791799
-5.792649
-5.792688
-5.796746
-5.798841
-5.798952
-5.799061
-5.799649
-5.800302
-5.801109
-5.802053
-5.803022
-5.804772
-5.805606
-5.806213
-5.806513
-5.806762
-5.807104
-5.808552
-5.8094
-5.809614
-5.811779
-5.812395
-5.812926
-5.813346
-5.814705
-5.816779
-5.817242
-5.81974
-5.820242
-5.821165
-5.822106
-5.822508
-5.823345
-5.823368
-5.825368
-5.825583
-5.825716
-5.825826
-5.829167
-5.829181
-5.829202
-5.829408
-5.829545
-5.830114
-5.830119
-5.831132
-5.83115
-5.835635
-5.837015
-5.837565
-5.838177
-5.839627
-5.844032
-5.844289
-5.844759
-5.846525
-5.847236
-5.847747
-5.849413
-5.849878
-5.850621
-5.851365
-5.852002
-5.8546
-5.856294
-5.857884
-5.85815
-5.858411
-5.859305
-5.859532
-5.860184
-5.860358
-5.86039
-5.860608
-5.86131
-5.861349
-5.861752
-5.861972
-5.863536
-5.866045
-5.866053
-5.867041
-5.867489
-5.868539
-5.869227
-5.869652
-5.871043
-5.871067
-5.871698
-5.872935
-5.873065
-5.873266
-5.873684
-5.876189
-5.876451
-5.877073
-5.878004
-5.878694
-5.879483
-5.881299
-5.881428
-5.881955
-5.882584
-5.883333
-5.884193
-5.885627
-5.886462
-5.886668
-5.887008
-5.888042
-5.888256
-5.889878
-5.890038
-5.892554
-5.893142
-5.893421
-5.893434
-5.895109
-5.89513
-5.895741
-5.896112
-5.896245
-5.896564
-5.898464
-5.898876
-5.899384
-5.9
-5.9
-5.90192
-5.902259
-5.904218
-5.906166
-5.906427
-5.906649
-5.907261
-5.908606
-5.908829
-5.913153
-5.914971
-5.915524
-5.915601
-5.91636
-5.916526
-5.917909
-5.918903
-5.920274
-5.921306
-5.921323
-5.92204
-5.922181
-5.922242
-5.92232
-5.924166
-5.927413
-5.927592
-5.927617
-5.927894
-5.928072
-5.928524
-5.929086
-5.929276
-5.930695
-5.933055
-5.933333
-5.934296
-5.938638
-5.940864
-5.942448
-5.94287
-5.943107
-5.944297
-5.944554
-5.94529
-5.947888
-5.948384
-5.949533
-5.952073
-5.952188
-5.955336
-5.955543
-5.956505
-5.957706
-5.960082
-5.960092
-5.961104
-5.962721
-5.962856
-5.966667
-5.966667
-5.967
-5.967274
-5.968933
-5.969779
-5.970489
-5.970781
-5.970789
-5.970935
-5.971256
-5.971948
-5.972683
-5.973214
-5.975424
-5.977132
-5.977147
-5.977319
-5.978236
-5.978714
-5.978774
-5.979309
-5.981236
-5.982224
-5.984178
-5.9893
-5.989517
-5.991424
-5.994181
-5.994351
-5.995481
-5.995912
-5.996295
-5.996864
-5.996867
-5.997399
-5.998983
-5.999232
-5.999515
-5.999552
-6.000573
-6.001102
-6.001263
-6.002533
-6.003465
-6.003782
-6.01155
-6.012312
-6.012387
-6.013736
-6.014173
-6.014256
-6.014576
-6.014813
-6.015193
-6.015329
-6.015672
-6.018861
-6.020796
-6.022623
-6.022654
-6.023193
-6.024513
-6.024715
-6.025333
-6.029376
-6.029578
-6.032564
-6.032602
-6.032911
-6.033449
-6.033668
-6.035451
-6.037303
-6.038414
-6.03938
-6.041149
-6.041499
-6.041625
-6.041883
-6.043535
-6.045032
-6.045198
-6.04526
-6.047251
-6.047286
-6.047415
-6.047421
-6.048512
-6.048531
-6.051814
-6.051838
-6.052268
-6.052928
-6.055398
-6.057196
-6.057408
-6.057716
-6.058167
-6.058352
-6.058626
-6.060939
-6.061899
-6.062557
-6.063526
-6.064628
-6.065354
-6.066718
-6.067852
-6.068682
-6.069166
-6.069669
-6.06973
-6.070961
-6.071509
-6.07199
-6.072603
-6.072958
-6.073321
-6.073693
-6.075056
-6.076959
-6.078264
-6.078367
-6.078787
-6.079524
-6.07957
-6.079766
-6.080569
-6.082464
-6.08435
-6.086882
-6.088251
-6.088436
-6.091465
-6.092881
-6.092881
-6.096872
-6.098923
-6.099321
-6.099785
-6.1
-6.100307
-6.101016
-6.103811
-6.104106
-6.104637
-6.105768
-6.106753
-6.109764
-6.111216
-6.111295
-6.111633
-6.112017
-6.112085
-6.113545
-6.113987
-6.115738
-6.116858
-6.120397
-6.121059
-6.12266
-6.123577
-6.123671
-6.124368
-6.126723
-6.127284
-6.128649
-6.130104
-6.130394
-6.133342
-6.134156
-6.134749
-6.135349
-6.137173
-6.137211
-6.138085
-6.138382
-6.138757
-6.140146
-6.141313
-6.144522
-6.144997
-6.146751
-6.147641
-6.14876
-6.149412
-6.150916
-6.1559
-6.155926
-6.157205
-6.157654
-6.157722
-6.161489
-6.162189
-6.162807
-6.163021
-6.163151
-6.163253
-6.164374
-6.165546
-6.165926
-6.170862
-6.172409
-6.172421
-6.174462
-6.176128
-6.176695
-6.176963
-6.17722
-6.178316
-6.178452
-6.179503
-6.180253
-6.180847
-6.181431
-6.18216
-6.184557
-6.184583
-6.18479
-6.185196
-6.186302
-6.188134
-6.18819
-6.188392
-6.191136
-6.191895
-6.192968
-6.195314
-6.196626
-6.196941
-6.197352
-6.199005
-6.200223
-6.201977
-6.202794
-6.210151
-6.21055
-6.212831
-6.213188
-6.213867
-6.214543
-6.217914
-6.218905
-6.219661
-6.220093
-6.221605
-6.221945
-6.223605
-6.224111
-6.225346
-6.226938
-6.227447
-6.227526
-6.228958
-6.229617
-6.23199
-6.233333
-6.239311
-6.241587
-6.243493
-6.243898
-6.244172
-6.246152
-6.247542
-6.247857
-6.248415
-6.249917
-6.25
-6.252309
-6.256925
-6.257595
-6.259639
-6.260448
-6.263782
-6.2659
-6.266667
-6.269565
-6.27084
-6.271527
-6.274293
-6.275044
-6.275146
-6.275544
-6.275622
-6.275741
-6.276446
-6.27659
-6.27664
-6.278148
-6.283558
-6.284697
-6.285979
-6.28784
-6.287865
-6.287927
-6.289864
-6.290466
-6.290481
-6.290927
-6.292657
-6.295616
-6.302449
-6.304451
-6.304895
-6.305747
-6.306533
-6.307348
-6.309231
-6.314299
-6.314597
-6.31649
-6.316763
-6.318453
-6.318822
-6.319312
-6.320078
-6.324807
-6.328799
-6.328958
-6.330875
-6.331174
-6.33166
-6.332445
-6.332713
-6.333561
-6.33445
-6.33459
-6.336793
-6.337111
-6.337414
-6.337831
-6.338521
-6.338613
-6.341033
-6.341215
-6.345606
-6.347962
-6.348364
-6.348759
-6.349081
-6.34909
-6.354198
-6.355115
-6.355768
-6.357864
-6.358202
-6.359767
-6.360004
-6.362195
-6.362584
-6.364386
-6.37076
-6.376253
-6.378888
-6.380927
-6.381474
-6.381672
-6.383959
-6.384684
-6.385029
-6.389561
-6.393946
-6.394412
-6.394867
-6.397771
-6.397839
-6.39788
-6.399928
-6.400911
-6.401431
-6.405679
-6.406775
-6.409966
-6.411281
-6.411753
-6.41306
-6.413283
-6.413413
-6.414223
-6.414816
-6.415245
-6.416376
-6.416446
-6.416451
-6.416811
-6.418326
-6.421104
-6.422567
-6.426996
-6.429422
-6.432241
-6.433007
-6.433179
-6.43549
-6.43587
-6.436437
-6.43838
-6.439241
-6.439965
-6.442052
-6.443063
-6.445864
-6.447579
-6.449848
-6.451808
-6.453993
-6.455208
-6.463475
-6.464512
-6.466379
-6.467308
-6.46762
-6.46907
-6.470017
-6.471284
-6.472773
-6.474613
-6.475103
-6.475953
-6.476595
-6.476881
-6.47877
-6.487017
-6.487179
-6.487728
-6.488228
-6.488429
-6.488522
-6.490011
-6.492951
-6.493218
-6.501443
-6.50497
-6.505743
-6.505878
-6.508775
-6.509323
-6.509777
-6.509904
-6.511699
-6.51724
-6.519328
-6.519809
-6.520012
-6.522162
-6.522775
-6.523165
-6.523911
-6.527011
-6.527808
-6.528532
-6.529585
-6.531847
-6.532548
-6.53371
-6.535758
-6.535833
-6.536332
-6.537829
-6.538014
-6.538614
-6.539727
-6.541749
-6.544305
-6.544417
-6.546609
-6.54906
-6.549129
-6.550632
-6.5534
-6.559794
-6.560087
-6.561207
-6.561548
-6.563678
-6.564341
-6.570541
-6.573099
-6.573174
-6.576208
-6.576556
-6.581785
-6.585999
-6.588746
-6.589147
-6.589302
-6.590833
-6.591848
-6.594176
-6.594377
-6.59571
-6.595838
-6.598022
-6.598672
-6.602018
-6.604204
-6.606914
-6.608461
-6.612907
-6.615004
-6.616667
-6.617333
-6.620032
-6.621002
-6.62332
-6.623679
-6.6244
-6.624558
-6.624657
-6.624768
-6.625144
-6.625467
-6.625679
-6.627572
-6.628193
-6.629105
-6.630814
-6.632887
-6.633866
-6.633974
-6.634002
-6.634321
-6.635832
-6.639734
-6.640275
-6.640493
-6.645669
-6.64637
-6.646782
-6.647074
-6.651073
-6.651353
-6.652409
-6.654368
-6.654481
-6.655013
-6.657399
-6.660578
-6.660661
-6.66264
-6.662935
-6.666078
-6.668278
-6.668756
-6.670239
-6.670298
-6.67092
-6.671154
-6.676706
-6.6792
-6.680697
-6.68132
-6.683222
-6.685156
-6.68601
-6.687607
-6.688763
-6.689744
-6.689936
-6.691398
-6.691535
-6.692877
-6.696118
-6.701389
-6.701635
-6.703943
-6.704578
-6.704817
-6.705317
-6.706519
-6.709221
-6.711346
-6.713396
-6.716342
-6.716844
-6.717643
-6.718517
-6.719632
-6.721882
-6.723192
-6.724445
-6.72562
-6.726236
-6.726484
-6.728076
-6.729078
-6.730086
-6.734163
-6.739775
-6.742645
-6.743336
-6.745746
-6.747759
-6.747851
-6.749022
-6.749234
-6.750185
-6.75316
-6.753376
-6.754155
-6.755604
-6.758546
-6.759443
-6.761016
-6.762755
-6.770211
-6.771007
-6.77358
-6.777935
-6.785113
-6.786355
-6.787901
-6.788002
-6.792156
-6.792988
-6.794617
-6.79514
-6.795899
-6.796033
-6.796194
-6.79953
-6.802888
-6.807748
-6.81143
-6.812983
-6.814142
-6.81734
-6.817878
-6.820108
-6.820529
-6.820616
-6.822261
-6.822295
-6.82406
-6.826958
-6.833752
-6.836591
-6.840784
-6.84604
-6.847796
-6.849041
-6.853734
-6.86481
-6.864824
-6.866667
-6.867124
-6.872141
-6.87387
-6.876276
-6.876617
-6.877804
-6.878683
-6.880474
-6.882131
-6.883333
-6.886507
-6.893023
-6.893426
-6.896557
-6.899445
-6.906601
-6.907969
-6.91823
-6.91992
-6.923307
-6.926807
-6.926992
-6.938734
-6.943604
-6.945935
-6.948192
-6.949555
-6.954265
-6.955032
-6.961694
-6.967148
-6.970141
-6.970284
-6.97065
-6.973897
-6.978796
-6.981911
-6.98196
-6.985969
-6.999522
-7.001317
-7.003865
-7.00886
-7.014642
-7.020291
-7.021226
-7.021585
-7.024521
-7.02599
-7.030118
-7.043029
-7.04605
-7.05106
-7.056417
-7.059831
-7.060073
-7.06791
-7.070871
-7.087451
-7.101516
-7.106683
-7.109268
-7.111224
-7.112754
-7.115428
-7.119643
-7.120533
-7.125877
-7.13695
-7.138263
-7.143
-7.154979
-7.159348
-7.162147
-7.168993
-7.169003
-7.171638
-7.188633
-7.189803
-7.192536
-7.194592
-7.195372
-7.195468
-7.203348
-7.220527
-7.233333
-7.235425
-7.239167
-7.240443
-7.244205
-7.245831
-7.246899
-7.253127
-7.2539
-7.254445
-7.25667
-7.266197
-7.270019
-7.271719
-7.272443
-7.281178
-7.282634
-7.294944
-7.297662
-7.297891
-7.29888
-7.314034
-7.325246
-7.325293
-7.327102
-7.33
-7.330053
-7.341905
-7.345994
-7.348236
-7.350305
-7.351371
-7.362851
-7.363514
-7.379771
-7.392418
-7.400369
-7.40579
-7.409819
-7.411907
-7.414435
-7.414474
-7.415542
-7.42577
-7.439122
-7.44769
-7.449487
-7.459773
-7.461647
-7.467861
-7.47204
-7.479327
-7.483333
-7.499236
-7.502669
-7.510688
-7.512421
-7.535555
-7.555851
-7.558825
-7.568525
-7.586344
-7.594532
-7.595024
-7.6
-7.6
-7.603325
-7.612335
-7.615168
-7.615518
-7.616568
-7.621819
-7.629323
-7.636109
-7.650074
-7.654811
-7.672058
-7.672231
-7.680204
-7.684412
-7.685581
-7.695685
-7.697222
-7.716806
-7.723003
-7.724412
-7.726115
-7.734962
-7.745833
-7.752397
-7.756991
-7.762904
-7.773468
-7.79354
-7.794695
-7.795459
-7.801086
-7.801597
-7.813554
-7.825325
-7.833268
-7.833333
-7.836526
-7.836892
-7.839515
-7.849446
-7.851941
-7.864641
-7.868907
-7.873343
-7.877766
-7.887585
-7.891078
-7.892807
-7.897644
-7.900185
-7.904709
-7.915448
-7.924339
-7.949817
-7.95
-7.954321
-7.954854
-7.958191
-7.976335
-7.985322
-7.985605
-7.988449
-7.991225
-7.994961
-8.004752
-8.006111
-8.011945
-8.014727
-8.016667
-8.019424
-8.022355
-8.025622
-8.027381
-8.043056
-8.04944
-8.05
-8.054685
-8.054992
-8.05547
-8.058925
-8.068343
-8.070292
-8.071692
-8.077559
-8.087995
-8.1
-8.102153
-8.103775
-8.107206
-8.110957
-8.116667
-8.116667
-8.123707
-8.127
-8.133056
-8.133056
-8.139167
-8.142965
-8.143497
-8.145673
-8.146308
-8.15
-8.152691
-8.15395
-8.156269
-8.164196
-8.164351
-8.164418
-8.16521
-8.165961
-8.169045
-8.170012
-8.176355
-8.180766
-8.186943
-8.197223
-8.206388
-8.211315
-8.217762
-8.222509
-8.223059
-8.233334
-8.244491
-8.247746
-8.248382
-8.250866
-8.253842
-8.254611
-8.273106
-8.27567
-8.277223
-8.283333
-8.302681
-8.306829
-8.313619
-8.313807
-8.319313
-8.34498
-8.350904
-8.355897
-8.363334
-8.384923
-8.391931
-8.395835
-8.407746
-8.415079
-8.417
-8.434846
-8.453166
-8.455334
-8.465821
-8.466667
-8.467377
-8.473271
-8.491302
-8.499002
-8.502382
-8.503109
-8.511387
-8.531596
-8.533333
-8.542778
-8.546304
-8.558377
-8.56
-8.560328
-8.563463
-8.567
-8.584469
-8.586169
-8.607425
-8.619299
-8.633333
-8.638333
-8.639425
-8.643308
-8.643768
-8.646326
-8.647223
-8.648053
-8.65
-8.654388
-8.660538
-8.666667
-8.678
-8.691041
-8.699853
-8.7
-8.706309
-8.712447
-8.714723
-8.715083
-8.722511
-8.736245
-8.745583
-8.749413
-8.757588
-8.760949
-8.761466
-8.765963
-8.782845
-8.783333
-8.790135
-8.792709
-8.806928
-8.807062
-8.809312
-8.812893
-8.814226
-8.81842
-8.82772
-8.83549
-8.842805
-8.846885
-8.84958
-8.865339
-8.873672
-8.873684
-8.875215
-8.888309
-8.9
-8.900965
-8.916149
-8.926455
-8.938943
-8.98
-8.992199
-9.005163
-9.006695
-9.023945
-9.033895
-9.057509
-9.0871
-9.11521
-9.184929
-9.18975
-9.19431
-9.218463
-9.264338
