39.8776
39.8896
39.8527
39.9306
39.9909
39.9463
39.9833
40.0023
39.7013
39.6242
39.6922
39.6090
42.2890
41.9537
42.3366
39.5743
42.3246
42.2630
41.9525
41.9172
42.3652
42.4265
42.4038
41.9712
39.4688
42.3078
41.9082
42.1248
41.8468
41.9525
39.3549
42.0432
39.8523
41.8837
42.3146
39.6091
39.6494
41.9882
42.0518
42.0106
39.7031
42.0297
42.0792
42.3246
42.1029
39.5696
42.1880
39.6705
42.1323
42.1712
42.2583
41.8616
42.0274
42.0009
42.3105
42.3745
41.8180
42.3443
41.9579
42.0800
42.1959
39.7341
39.3390
42.0628
42.2262
41.9602
42.2448
39.5959
42.1756
42.0380
42.0219
41.7806
42.1074
42.3796
42.1496
39.5173
39.4273
39.8778
39.7705
42.2647
41.9879
39.6428
42.0196
42.3080
42.0730
39.7005
41.8157
42.3897
42.3598
42.0391
42.2521
42.2094
42.1040
41.9547
42.1738
42.1565
42.0837
39.7593
39.5703
42.2842
42.3686
42.3089
39.6169
42.0212
42.3513
42.2170
39.7748
42.1737
42.1226
42.2675
41.9901
42.1434
42.1935
42.0503
42.0706
42.2344
39.6562
42.0459
42.2464
41.7202
42.0209
42.0955
42.3140
42.2220
42.4198
42.3720
42.1867
39.7188
42.2505
42.2951
42.1572
42.0662
42.0454
42.2181
42.0162
39.7546
42.3367
39.6462
39.4859
41.8293
39.5597
42.2546
42.1390
42.0246
41.8877
39.7506
42.4167
39.8211
39.7180
42.2234
42.3314
42.0282
41.9216
41.6988
39.6845
42.2686
42.3948
41.9383
42.3104
39.6239
42.3660
41.8965
41.8730
42.0145
41.9818
42.2307
39.6701
42.0892
42.2479
41.9318
41.8393
41.8933
42.0713
42.1871
42.4044
42.1778
41.9742
41.6743
39.7069
42.3212
42.1497
41.7903
39.6468
41.9564
42.0969
42.1181
41.9372
41.9906
42.3856
39.6421
41.6650
42.1219
42.2214
42.1704
41.8092
41.6466
39.7826
41.8875
41.9662
42.0335
41.7770
42.3057
41.7021
41.6407
41.8220
39.7658
42.2370
39.6966
42.2004
41.6275
41.9041
42.1360
41.7254
41.8608
41.9703
42.2064
42.2373
41.6134
41.7646
39.5695
39.7484
42.0367
42.2161
42.1270
41.9552
41.7465
42.2337
39.7118
41.9706
41.5995
42.2137
42.0095
41.6198
42.2317
42.0900
41.7907
41.5890
39.6695
42.1464
41.6238
41.7477
41.9470
41.7217
41.5794
42.2191
41.6103
42.0569
39.6241
41.5695
41.9833
41.8171
39.6872
42.2124
41.8790
41.5826
41.6483
42.0783
39.5652
41.7315
41.6902
42.1821
41.5724
39.6533
42.0241
41.7254
42.1463
42.1184
41.6932
41.5375
41.7286
41.6527
42.2294
41.7035
39.5708
41.9961
41.8676
42.1887
41.5948
42.3464
41.6394
41.6737
41.5556
41.7600
41.5262
41.8489
41.5018
41.6850
41.9475
41.9032
42.0356
41.5255
42.2616
42.3128
41.5167
41.4896
41.5550
41.6382
41.6938
42.3204
41.5066
41.5905
41.9523
41.9223
41.4997
41.4793
41.9381
41.9896
41.9860
42.3308
42.1221
41.8168
42.1964
42.3737
41.5318
41.6189
42.0756
41.4940
41.5541
41.6082
41.8736
41.6854
42.2334
42.0000
41.9252
41.6158
41.9003
41.8373
41.4665
42.2658
41.7217
42.0623
41.4832
41.7396
41.5426
42.0482
41.6698
42.1270
41.9303
41.5196
41.8439
41.7688
41.5515
41.4501
41.5258
41.5908
42.0600
41.6087
42.0155
41.9539
41.8873
41.5145
42.0211
41.5736
41.8479
41.6531
41.6773
41.7966
41.9931
41.4306
42.1009
41.5405
42.3127
42.1100
41.4511
41.7663
41.3990
41.5132
42.2008
41.9108
41.4823
41.5886
41.5349
41.8784
41.9808
41.8279
41.3879
42.3064
42.0346
42.2222
41.6298
41.6889
42.3495
42.1107
41.5575
41.4974
41.7273
42.0589
41.7604
41.4914
42.2957
41.6116
42.0855
41.5160
41.7479
42.1500
41.6932
41.5087
41.8686
41.5486
42.0416
42.3161
42.1201
41.3596
41.8128
41.9858
41.3305
42.2484
41.3775
41.5308
41.6162
41.4719
41.3858
42.0282
41.3556
41.7256
41.9324
41.6798
41.3677
41.3809
41.3474
41.8721
42.0505
41.4923
42.0087
41.5967
42.1872
41.9448
41.3160
42.2833
41.4139
41.3668
41.7606
42.3208
41.4390
41.5610
41.3936
41.3032
41.4237
41.7923
41.3373
42.1354
41.4747
42.4631
41.7354
42.0011
41.2804
41.3539
41.6995
41.4472
42.2434
41.8621
41.4133
42.0507
42.0809
41.3962
41.5271
41.7984
41.5555
42.1732
41.4176
41.3887
42.1368
42.4314
41.4736
41.9172
41.3310
42.3877
41.6063
41.6375
42.0573
41.7516
41.5161
41.4504
41.8242
42.2231
41.5434
42.3744
42.1660
42.0336
42.4472
42.4172
41.9001
42.2334
41.9745
41.8627
41.7495
41.4946
41.6999
41.5389
42.3620
41.6339
41.6658
42.2519
41.4405
42.1517
42.3504
41.3530
42.0123
42.4101
42.1014
41.6099
41.6745
41.7836
41.8353
42.1809
42.3644
41.5664
42.3456
42.0774
41.4649
41.7252
42.3779
42.2039
41.3103
41.5031
41.2348
41.7455
41.3847
41.6404
42.4456
42.2502
41.4254
41.7811
41.5799
42.3702
41.3606
41.9458
41.2591
42.0522
42.1228
41.6806
41.5342
42.0181
41.3644
42.0771
41.8318
41.5180
42.3791
42.2289
42.0178
41.7969
41.4464
41.2242
41.3220
41.2871
41.3844
41.3769
41.4180
41.5196
41.7297
41.4794
41.4535
41.4044
41.5990
41.3451
42.3597
41.3717
42.3900
41.6658
41.9139
41.5308
41.5530
41.2084
41.3616
41.7657
41.4638
41.3209
41.3884
41.5359
42.2370
41.5737
41.6067
41.9907
41.1988
42.1319
41.7398
41.9335
41.5313
41.5788
41.4833
41.3858
42.3720
42.3250
41.5572
41.2654
41.3324
41.2539
41.4342
42.1756
42.1368
42.3500
41.2797
41.2399
41.5187
41.7366
41.9176
41.6433
41.2006
41.3891
42.2309
42.0096
41.2993
41.2842
41.2525
41.6005
41.8277
41.7055
41.7823
41.2204
38.9826
41.5181
42.3740
41.5621
41.9936
41.6367
41.4160
41.7334
39.0779
42.0440
42.3516
42.2448
41.2455
41.2802
41.6565
41.7021
41.7636
41.9510
42.3567
42.3845
41.1854
42.1326
41.3175
38.6964
41.5997
41.1662
41.2223
41.7760
41.5173
38.9089
42.3417
41.7172
41.6554
42.0221
41.6257
41.1788
41.2685
41.8122
41.9712
41.2819
41.4245
42.3267
41.1445
41.7716
41.4772
41.5309
41.6913
41.2304
41.1823
41.1427
41.7262
41.2653
41.3841
41.1683
41.3302
41.2054
41.3097
41.8395
42.2958
41.6294
41.5042
41.2688
42.2032
41.5817
41.2482
42.2114
41.1746
41.7628
41.6963
42.5493
42.1733
42.0637
41.2245
41.7979
41.8739
41.5571
38.9801
41.2935
41.5430
41.2779
41.2506
38.9217
41.3626
41.5202
41.7867
42.0110
41.4772
41.2041
41.7317
41.3950
41.6683
41.7543
41.1758
42.4973
41.5904
42.0586
41.3710
42.5924
41.1920
41.9107
41.2873
42.2382
41.2436
42.6215
41.2075
41.4454
41.6225
41.1187
42.5153
41.4934
41.9670
41.5628
42.5840
41.6006
41.4131
41.6477
41.2330
41.8515
41.2229
41.1510
42.4955
41.1880
41.2090
41.1923
41.7246
41.2490
41.4240
41.5316
41.9155
41.5641
42.3707
41.3184
41.9743
41.4558
41.3362
41.8752
41.2624
41.3769
41.7543
41.4379
41.1110
41.0768
41.6103
41.2141
41.6469
41.5615
42.4435
42.5932
42.4102
42.6289
41.7764
41.5607
41.1972
41.1548
42.6353
41.6471
41.7861
41.1800
41.3948
41.2869
42.1611
41.2518
41.5256
42.5758
41.6573
41.4699
41.5009
42.3256
41.0671
41.5617
41.1386
41.7015
41.4008
41.7934
41.8950
42.1197
41.1828
41.2015
41.5509
41.1134
41.6073
41.2290
41.2959
41.4635
41.9943
41.4230
41.1721
41.7150
41.5591
41.6777
41.8768
41.6261
41.1219
41.2771
41.4963
42.4678
41.1356
41.6835
41.3088
41.7461
41.3774
41.2113
41.1677
41.4289
42.2461
41.6447
42.2477
41.7578
41.5019
41.1305
41.0856
41.9119
41.6148
41.8531
41.7990
41.3478
41.7727
41.2425
41.3831
41.4252
41.1142
42.3243
41.6313
42.2116
41.1447
41.6636
42.1227
41.5092
41.5405
41.3674
42.0766
41.1379
41.7575
41.2651
42.7089
41.7113
42.1850
42.1686
41.6300
41.5513
41.0989
41.6042
42.3597
41.6516
41.8053
41.3227
41.1569
41.6354
41.8720
41.0519
41.5205
41.1252
41.4265
42.1055
41.1879
41.6782
41.2350
41.2660
41.6284
41.0201
41.5481
41.5812
41.1463
41.6735
41.7527
41.2132
41.7897
42.5047
40.8851
41.1268
42.7017
41.6294
41.2257
41.1016
41.1929
41.3715
41.1631
41.9078
41.4979
41.7176
42.0028
42.0805
41.2209
41.2843
41.1020
41.1865
42.3168
41.7281
42.4085
41.4481
42.8382
41.6161
41.3370
41.5446
41.1246
41.0396
41.8165
41.2453
41.2159
41.6894
42.7481
41.2793
41.3945
42.2589
41.8728
42.7377
42.4765
40.7040
42.8345
40.8754
42.7569
42.8100
40.8132
40.7194
41.1635
41.5532
41.7046
41.6910
42.4650
41.6491
42.1504
42.7855
41.4680
41.4125
40.7713
41.4957
42.4271
41.3567
41.2843
41.7520
41.1009
41.1367
41.4337
41.7389
41.0886
41.3282
41.8145
41.0570
41.6963
41.0421
41.6713
41.1925
41.6142
41.7113
41.5221
41.4809
42.6828
42.1273
40.7418
42.3824
41.6734
41.5730
41.0027
42.4708
41.0400
42.2601
41.6984
41.4248
40.6202
41.5237
41.1838
41.7380
41.5623
41.8505
40.7123
42.2044
41.7955
41.8309
41.1837
41.5562
42.1155
41.4599
41.6671
41.3749
41.9179
41.2274
41.9973
40.7141
41.5661
42.3100
42.3729
42.6051
41.9589
40.8110
40.6699
40.9746
42.1993
41.0174
41.8844
41.5341
40.9074
41.3639
42.4967
40.8211
40.8797
42.5132
40.7144
40.9064
42.3800
41.5338
41.2506
40.5448
42.1064
41.0776
40.4710
41.1616
42.5517
40.6554
42.4333
42.5205
42.5761
40.6810
42.5467
41.8654
41.4958
41.9538
40.5974
41.0521
41.7310
41.9059
42.4805
41.3053
40.4187
41.8670
41.8032
41.4628
41.1206
40.9830
40.3603
40.9221
40.3500
40.8739
42.1970
42.4088
42.0181
41.6524
41.0091
40.7348
42.3068
41.4597
40.4613
40.4642
41.1810
41.4186
42.2677
42.4103
40.6063
41.5224
42.5874
42.1927
42.5912
41.4729
41.2402
41.9041
41.7051
40.9560
41.0941
41.9738
41.3777
40.3559
40.5250
41.8529
42.1447
40.6334
42.4525
40.4546
40.9549
41.7985
40.9917
42.1810
41.6041
41.5870
40.9110
42.1095
42.0101
41.0406
41.2078
41.9357
40.5523
42.0560
42.3228
42.0715
40.3046
42.1510
40.6164
42.6338
40.9292
41.8266
42.5833
42.2425
40.2202
41.9103
41.6653
41.6220
41.0174
40.8311
41.6897
40.4639
40.4193
41.1787
41.6656
42.4416
40.5173
41.8581
41.9624
40.8754
42.5034
42.1935
41.8291
42.4156
41.7230
38.7323
41.1250
42.4520
40.0923
42.1333
42.5481
42.0348
40.3080
41.7172
38.7955
40.9355
38.8404
41.0498
38.7288
41.6753
40.9858
42.0997
38.7743
40.4236
41.8222
40.9280
40.2317
42.1147
42.4425
40.2639
42.2413
40.0555
42.0672
40.8063
42.1727
41.5038
41.9579
40.8821
38.7162
40.6030
40.1548
38.6448
40.6607
38.7279
40.7554
38.7939
42.0803
40.3128
40.2107
40.9530
40.3563
42.1712
42.1214
40.4710
40.8376
38.8539
38.8261
38.7427
40.1011
41.9613
38.8231
40.7201
40.8939
42.1448
41.7153
38.7399
42.0553
40.2695
42.5870
41.8024
38.7939
42.0689
40.7874
38.8199
40.1751
40.9909
39.9860
41.5000
38.8229
41.7147
42.0945
41.2340
42.0034
41.9913
38.7557
38.6003
39.9974
40.1140
38.8203
39.9672
40.8400
40.8740
39.9450
38.7803
40.3589
38.8113
38.7455
40.0417
41.9320
40.7512
42.1212
39.9818
38.8020
42.0650
40.2274
38.7603
42.1613
39.8899
40.9336
42.0254
40.9602
40.6190
40.8664
39.9384
38.5806
38.6957
40.9030
38.7561
42.6279
41.9680
38.6762
39.8965
38.8432
42.4957
38.6513
38.9194
42.6048
41.2631
38.6144
38.6226
42.0021
38.5370
41.0490
38.7763
40.4570
40.8704
41.5579
38.9408
40.3783
40.0608
38.9516
42.1563
39.8086
40.9814
41.4979
38.9613
38.8478
41.7367
38.9422
42.1113
38.9360
38.9700
38.8073
41.7922
39.8525
42.0359
38.9457
40.7287
40.3377
38.9334
41.9319
40.2166
40.1201
38.7524
38.9432
40.7181
39.8594
38.9690
41.8439
42.0574
38.9323
39.7807
38.9280
40.5009
38.9611
38.9502
38.9153
40.8228
39.9262
38.6764
40.6753
40.6463
38.6744
42.1612
39.7697
40.2772
41.5525
38.8849
38.5691
40.0728
41.9088
39.0329
38.6837
40.5837
39.0091
38.9246
39.6798
38.8222
39.7544
38.9194
41.9931
38.6741
39.8233
38.5078
40.9418
40.1176
41.6176
40.8340
40.7755
41.9963
38.7321
40.6466
42.6193
38.9283
38.7945
41.8418
39.1651
38.9326
39.7405
39.8900
40.4271
38.5636
40.5327
39.9653
39.7377
38.9152
39.7260
40.9234
39.0717
38.7350
38.6833
39.8373
39.7267
39.7393
38.6086
38.7566
40.0225
39.6808
40.6156
42.0530
42.1234
40.1385
42.4863
42.7237
38.9125
38.9152
40.2456
42.0320
39.1274
38.7491
42.0778
40.2939
40.5917
41.9727
39.6164
39.0126
39.5902
39.0538
42.6904
39.8812
39.9483
39.6835
41.8705
38.8431
39.0435
39.2026
38.5873
39.1838
38.7237
40.0180
42.0040
40.4819
40.8004
39.8512
38.8944
40.6874
39.5444
42.1613
39.6761
42.6280
41.2925
39.5778
39.5576
39.4813
41.7721
39.9524
39.1471
39.5885
38.6754
42.5667
39.1977
42.7720
39.5692
39.7030
40.0296
42.0501
38.9833
40.8120
38.8912
39.5543
40.6373
39.5635
39.9009
38.7368
40.5871
38.8817
38.6911
38.7855
38.9191
39.5422
39.7123
39.5291
39.4994
40.0552
41.3213
42.1326
38.7612
39.7626
39.5130
39.1580
40.0281
39.9171
39.7431
38.7206
42.0946
39.5376
38.9427
41.3348
42.1481
38.6794
38.8789
39.7530
38.4993
38.7306
39.5185
41.2284
42.5197
39.5070
40.0416
39.7816
41.9400
39.1961
39.5400
39.8342
41.3377
40.0873
39.6836
39.9998
39.4702
38.8195
40.1303
38.7535
40.8917
38.8550
41.2188
42.0252
39.2780
39.4203
38.8759
41.3314
39.4251
39.1864
39.2011
39.5452
39.4232
41.1901
38.7002
39.5455
38.7751
39.9640
38.8649
40.0498
39.4247
38.4289
40.6211
39.4113
38.6628
38.9484
38.7949
39.4027
40.5280
42.1401
39.8049
38.8116
39.8709
39.5310
41.9496
39.2933
39.3971
39.3614
39.3811
39.5105
39.0213
41.6411
38.8480
39.5223
38.4848
38.9035
40.2011
39.4285
41.9796
39.4762
38.6134
40.1317
40.0206
38.7724
39.6588
39.4992
40.8569
41.3264
39.2852
39.4667
39.8168
39.6862
42.0175
42.2144
41.9600
38.3982
39.4363
39.1939
41.3750
39.9885
38.7423
42.3147
42.0555
42.2660
38.7808
39.1516
39.5021
39.3693
38.4124
39.9143
40.9754
41.2209
38.9438
38.8542
39.4826
40.3614
39.1212
42.1811
40.8196
42.1707
41.1757
41.8068
39.0520
39.4907
39.9032
39.8626
39.5885
40.2648
41.8664
39.4571
39.4651
41.4066
39.3600
42.1631
40.0553
39.4369
39.8367
39.2648
39.0136
38.9890
39.9372
41.1601
38.8406
38.6976
38.8602
39.0859
38.9131
39.1882
39.0439
38.9197
38.3452
40.0711
39.9738
39.8533
38.9241
38.9453
39.0715
40.8776
41.9073
39.1315
39.0526
41.2905
38.8367
38.8885
38.9053
39.9240
41.4239
42.3970
39.5619
38.8537
39.9838
39.8773
41.6809
39.1983
38.5401
39.0637
41.9352
41.1208
38.3311
39.8530
39.0795
38.8678
38.9889
38.8370
38.7799
39.1165
39.7700
40.8658
39.1408
40.0680
40.5056
39.2277
38.3961
42.7156
39.2135
40.6483
40.9694
39.5663
42.6798
38.8327
39.6999
41.4873
39.0187
40.5807
41.9794
40.1855
42.2547
38.9798
39.0572
38.8213
42.5710
38.9142
41.2801
42.6319
40.0351
39.5904
40.7750
38.1923
38.7727
38.9859
38.9960
39.0915
39.2769
39.0679
39.6739
39.0689
39.0041
39.5455
39.9476
39.2753
39.4904
38.6255
38.9889
38.9929
39.2824
39.9134
40.3226
38.9857
40.8833
39.0709
39.9355
39.6129
41.2662
42.0374
41.5349
42.1755
38.5294
38.9608
40.8358
39.1381
39.0310
42.6587
39.5915
38.9710
38.8766
41.0302
40.6486
39.0792
40.1038
39.9214
39.6246
39.3578
40.3917
38.7678
40.0632
39.3359
38.8210
41.7989
39.3404
40.7840
40.1691
39.5675
39.0179
42.3146
40.1326
39.0962
40.8554
41.7537
40.2370
41.5108
38.4412
42.2535
39.0202
40.8161
40.0590
41.5737
38.9497
38.0862
40.1901
40.0207
38.7169
39.9000
39.0446
42.6946
40.5304
42.7067
39.6621
38.5952
38.6261
42.5225
40.9981
39.0627
41.5934
37.9775
39.4951
42.0678
39.4251
39.9196
38.9800
42.2750
38.8955
40.0598
39.1012
40.5773
40.0158
41.0237
40.8025
38.2655
41.3332
41.6155
40.6742
39.7972
39.9109
41.4675
40.9536
39.7016
41.2060
39.3898
42.5612
39.8528
39.4727
38.1142
40.8415
40.3718
40.4407
40.9047
38.0883
39.6049
42.3489
40.4927
38.3792
38.0781
38.1048
39.1196
41.5722
38.0273
38.0856
42.7395
40.7799
42.2282
38.8739
40.2532
41.6295
40.5433
42.3365
40.6124
41.3061
42.1531
42.2010
38.1132
42.2868
42.0134
38.3853
38.6297
38.7000
40.9560
41.8306
38.1406
38.3486
40.1031
39.3925
39.2374
41.6852
39.6092
38.4774
42.0906
38.6867
41.6182
39.3818
38.7844
40.6913
42.5624
39.1319
41.8692
37.9799
38.4780
39.4183
37.8350
38.1096
41.2791
37.8654
42.3549
38.0859
40.5901
40.8357
39.2893
40.7032
38.1610
38.2470
41.2552
41.2400
42.1195
40.3174
40.5485
39.3850
40.7953
38.6752
40.2294
42.5100
41.0339
39.8357
40.1419
40.3652
40.4586
38.5376
41.2346
41.7680
39.7354
42.7575
38.4373
40.0579
40.7145
39.6040
37.8057
41.1288
40.9744
38.0784
38.1702
40.8133
40.9238
37.7436
38.1040
40.4363
41.3839
40.9920
42.1582
42.6038
40.5088
39.7901
42.7352
38.6363
40.7221
41.2588
38.0613
38.1806
39.6954
42.0382
41.6563
38.1241
37.6168
40.6556
38.8075
41.0513
41.4434
38.1416
40.9660
38.1525
39.6563
40.3252
39.9104
40.8442
38.0630
38.3843
39.6211
42.0477
38.1162
38.5189
40.7075
39.4720
41.0097
41.1285
42.8616
42.7886
38.2732
40.2247
42.2714
41.5927
42.1665
38.3050
42.4808
42.3875
40.8702
39.2431
42.8921
42.8321
38.0840
42.5495
42.1168
40.9402
37.7443
42.5844
42.8075
40.0226
41.3429
41.5557
38.1406
41.1111
39.5934
40.5457
39.7253
40.7012
40.9817
42.5854
40.4036
40.5866
37.6057
38.7027
41.5391
41.7150
41.4533
41.9823
40.7225
39.7475
42.2786
38.0459
38.3389
40.6341
42.7203
42.6688
40.9621
40.8915
40.8687
42.6305
39.8755
42.8006
41.0542
42.3699
42.5291
42.4778
40.7615
41.5092
40.4846
40.5473
41.7405
41.3521
39.7635
40.1476
38.4011
39.9910
40.9857
41.1584
38.2063
42.6785
41.0812
42.2830
41.2950
38.0600
39.1067
40.4532
42.9135
42.4882
39.0582
39.2294
40.7988
41.7578
41.1345
41.4831
40.9101
41.3156
41.7452
39.1399
39.0914
39.1918
40.2115
39.8661
41.2106
40.9959
41.4250
41.4635
41.1146
42.9058
40.1912
42.4615
42.8065
42.7840
42.8682
40.8533
38.8694
42.8877
40.6858
42.8539
39.4879
42.8352
39.7069
41.7370
40.3441
40.7162
40.1959
42.7185
38.6152
41.5804
41.0917
41.7704
38.1811
42.5189
37.9834
42.3615
39.9242
40.8343
42.8872
40.6423
42.1292
40.8976
40.0454
41.1666
41.0365
42.5127
40.1169
40.4751
40.2805
41.2191
41.2491
41.7439
40.6889
41.7957
37.7233
41.4036
42.5658
41.7666
41.8384
42.2622
40.2347
41.7119
40.8393
41.1439
41.0423
39.2644
41.8136
41.7120
39.5676
42.6195
41.0977
42.9035
42.9035
42.5908
38.0509
41.6833
41.2847
40.7710
41.0857
41.7916
42.4972
41.2165
37.9707
41.3369
42.9744
41.6813
42.9452
38.9594
42.6815
39.7340
41.0635
41.6676
40.6713
40.1619
41.8284
38.0279
40.1886
42.9665
38.0495
42.9298
42.2968
41.1094
41.4392
42.7757
41.8487
41.1386
38.0818
41.9212
40.0969
39.9563
40.0238
39.2233
40.0396
41.8599
42.9447
42.9531
40.7086
40.5195
41.3380
40.2766
38.0792
42.2814
39.8988
41.6342
42.3767
41.1264
42.6189
41.2846
39.5600
41.0861
39.8493
41.6013
42.5769
42.9482
40.0617
40.4551
41.1909
41.1625
38.1144
40.5901
41.3649
41.6303
40.9203
41.1922
43.0919
40.1310
40.6138
42.8954
42.6529
39.1019
41.5524
40.6559
40.5664
37.5991
41.8698
43.0094
38.4760
41.3966
42.7140
40.8636
38.1357
41.1432
41.5666
40.3320
38.7870
40.1510
40.8379
39.7419
38.1399
41.0705
39.2584
42.9893
40.8269
41.0159
40.0629
41.2104
39.3333
38.1453
41.5251
40.6181
40.6945
40.4108
38.8693
38.0404
37.8880
40.2028
40.7903
41.0400
39.4839
41.1070
42.5924
39.0946
39.5861
39.9077
39.9483
38.1524
42.5233
42.7858
41.2933
39.8124
41.4774
38.1792
41.1445
41.4207
42.9220
38.0272
42.7572
41.0655
40.1783
41.0754
41.9342
39.2795
39.6472
38.2051
42.5859
41.2128
41.3381
41.5078
40.1548
40.2970
42.6071
40.2404
42.5239
41.1153
42.5833
39.9968
41.9005
38.2391
42.7530
41.9197
41.0725
41.7648
37.8510
40.9982
40.3248
39.1935
41.3709
38.6932
40.9622
40.0021
40.6052
39.7187
39.5364
41.8564
41.9805
40.4065
42.3798
38.9642
41.0572
42.9424
41.8750
41.8569
42.7786
39.1260
42.5647
40.8904
41.0869
38.8351
41.8331
42.3926
41.1500
40.9908
43.2000
42.6806
42.7982
40.6417
40.5616
41.8197
39.9199
39.2852
41.7607
41.4731
39.7517
41.2988
41.4869
41.1588
41.2825
40.8133
39.8652
42.0199
38.0406
40.2485
41.8172
41.1093
39.1756
41.2581
40.4973
41.4151
38.6147
40.6823
42.5072
40.9223
41.8273
40.7380
40.1007
42.5664
37.7712
42.7473
41.5111
43.2665
40.2973
37.9900
42.7046
39.0768
40.7713
41.0323
40.9970
41.1963
41.9968
40.3770
41.2068
40.6414
41.2891
42.6452
41.8170
39.1748
38.5698
41.5378
40.0264
42.0314
41.3463
41.8352
40.4272
42.9500
42.7896
41.2286
41.5512
40.3326
43.2694
41.6951
39.2100
41.3159
39.9744
42.3585
41.8279
41.3273
40.9592
39.2669
42.8243
42.3753
41.1593
40.0886
38.9602
39.1019
38.8257
41.0545
42.5238
41.4247
41.4738
40.2346
41.4431
40.8844
40.4310
40.7800
39.8863
37.7974
40.3725
42.0281
37.4038
39.5746
41.2479
42.9790
40.5091
39.7523
42.8315
40.6705
41.4867
40.4606
42.1767
41.5253
39.3619
39.5336
41.8177
41.8860
42.8860
42.6011
41.1702
41.2744
42.0639
41.6073
39.6732
42.8310
40.0404
42.6355
41.2046
41.2872
40.3378
42.8260
41.7957
40.1944
40.7342
42.9982
42.8510
42.4541
42.4220
41.5363
39.4020
39.9853
39.4720
42.6523
43.1341
39.8712
42.3978
42.7599
42.1959
40.1395
41.1838
39.2399
43.2339
41.0966
42.9400
42.8339
41.9736
41.3135
42.6931
41.6433
42.6008
42.7338
41.2392
40.0415
42.6035
42.8172
41.3543
42.5659
40.7777
40.5506
42.3415
41.5454
42.4815
39.4413
42.0304
40.6155
39.3043
41.0368
41.9711
43.1167
43.1309
39.5173
40.7209
43.1650
38.0481
41.9534
40.1783
39.5664
40.3956
42.5303
42.8362
41.9767
42.7877
39.1352
43.0000
41.7301
41.5559
40.6759
42.6923
41.9990
41.9281
43.2807
40.9148
41.4177
40.8837
40.8014
42.8049
43.1094
41.8240
43.1391
40.1458
42.1678
42.7868
41.9627
42.8524
39.7667
38.5884
41.9465
42.8042
42.8988
42.2175
41.7863
40.1005
41.1369
37.6713
42.7616
43.2258
41.5962
41.0645
38.2292
42.8228
42.6575
38.5122
43.2468
41.4453
41.2516
42.6757
43.1289
43.1004
40.7863
42.9398
40.4265
40.9725
41.3275
42.6581
40.3878
41.6562
39.3565
39.2807
41.7788
40.6635
38.9186
41.8261
39.7629
41.2723
39.2128
41.9028
43.1968
40.5575
42.6708
41.8718
42.8369
39.9451
40.7439
41.1743
42.6863
38.8013
41.4331
42.3264
41.2988
40.2237
43.1239
43.0873
37.4118
40.6278
42.1786
39.4409
42.2793
41.8145
41.8818
40.8192
42.7101
39.5258
41.8353
42.2412
42.5913
41.6823
40.1013
41.8957
42.6897
42.7117
41.1009
43.0267
40.0386
43.0886
41.8778
42.9670
39.9574
42.1143
42.6796
41.4639
43.3382
40.5867
41.2120
39.7174
43.3625
42.7942
41.5776
39.1806
41.8375
41.3310
42.3877
40.7847
39.6104
43.0835
42.3388
41.2781
38.0927
42.7792
40.9715
39.2371
42.3139
42.0805
39.8995
40.7496
40.6684
37.5622
41.7164
40.2775
41.3102
42.6721
39.8324
37.1793
43.0847
42.7806
42.7906
40.6058
42.9197
42.4835
40.1867
41.3972
41.0742
42.7562
42.5266
41.2188
42.6284
42.7747
42.6919
41.5295
41.4347
40.7652
41.6382
41.1273
39.3265
42.5587
40.3511
42.2345
40.0558
37.1400
40.9182
41.8392
41.3143
43.2993
42.0566
40.8136
42.8671
38.9977
42.9170
42.6698
41.2686
43.1711
38.1090
37.2469
39.0013
40.6391
39.9044
41.5702
41.0862
41.4741
42.7178
40.6802
37.2971
40.8428
41.1901
42.2292
41.7636
42.7752
38.1865
42.6758
43.0013
41.2964
43.1992
42.3079
37.1523
36.9966
41.6655
43.3211
39.9697
39.8050
39.5001
43.3128
40.9658
39.7251
42.8520
40.6949
40.5926
38.7211
39.5657
41.1579
39.2653
40.4247
43.0788
42.7500
41.3054
37.2452
41.8551
41.5404
43.3253
40.9478
40.9934
39.3426
40.7492
42.3327
40.8663
42.9934
37.1695
39.6266
42.3770
37.3906
41.5610
42.9229
41.9022
43.2807
43.0813
41.5817
42.0070
38.5429
42.6199
39.4429
41.1345
40.8881
40.7861
42.3037
41.6189
41.2893
40.6977
42.9207
41.3806
40.7183
42.3901
42.4830
43.2676
39.7494
40.8428
43.1240
40.2235
43.0253
38.6488
37.1896
38.3335
43.3207
41.7794
41.1262
43.2482
42.6594
42.7780
41.9618
39.1129
40.7555
41.4073
42.7167
42.9222
43.1407
40.1355
41.5517
42.1087
38.7272
41.1705
43.0656
42.2155
42.6191
38.3560
42.0707
43.0939
42.6128
41.0960
39.5529
40.5308
42.5673
43.2675
43.2205
39.9504
41.4635
43.1166
42.7264
40.2969
42.9213
42.8753
39.6151
41.0065
39.8575
40.5475
43.1455
41.5914
41.9370
39.1669
42.5959
40.6428
42.6709
43.1037
41.7116
40.5828
39.3907
42.6567
39.4458
41.2117
37.3427
42.9155
40.5050
40.8886
41.8406
42.6060
38.4476
40.4231
42.2289
43.2714
43.2038
40.0674
43.1353
43.1250
43.1900
41.3109
41.9351
41.5378
42.3814
41.8768
39.2963
42.9077
39.2464
42.1325
37.2159
42.3345
40.6658
39.6647
43.1657
43.1615
38.5532
43.1370
41.9840
43.1995
37.6480
37.3503
40.5724
37.4673
42.7086
41.4172
42.4246
41.8747
40.2887
43.0445
42.4778
39.7205
41.7172
39.5462
43.1001
42.6452
43.1545
39.8091
40.2356
39.4468
41.6303
42.5890
42.0655
40.6169
42.3207
37.6910
43.1000
43.1952
41.9641
41.7390
42.6117
42.2278
38.8092
38.3656
42.8925
41.7747
42.6023
41.8739
43.1877
40.9512
42.6288
43.0476
39.6136
41.9379
43.1724
42.1334
41.2903
40.3467
43.0797
39.9886
42.2997
41.8878
42.4058
42.8895
41.2047
41.6353
43.0950
37.0984
38.9618
43.2783
40.2546
41.2387
43.0693
42.6767
39.3613
43.0526
40.9721
42.2521
40.0718
42.8871
43.1297
40.3908
40.3756
42.6233
42.8045
40.8659
42.6469
41.5737
40.1673
37.3898
43.2369
41.7889
38.8841
41.7402
43.0380
43.0858
43.0645
41.3516
42.6560
39.7865
42.6178
42.2449
41.0012
39.6545
41.6246
41.8997
39.3445
40.5907
41.4538
39.4958
40.1954
42.6383
42.2144
43.0636
37.7111
43.0000
43.0669
42.8952
41.3653
43.1397
42.3455
41.9293
43.2804
42.6491
43.1647
41.8167
41.2634
40.4756
43.0542
42.1862
41.9350
37.2871
40.8593
39.9203
38.8264
41.4204
43.0343
39.6930
42.6585
42.2103
40.5173
42.5709
37.3526
41.6473
42.8763
40.0136
39.3662
41.6824
43.1342
39.0457
37.0418
42.4445
42.3380
41.4957
40.7619
39.4109
43.0271
42.6319
37.1855
43.3033
39.8682
43.0471
41.0476
41.7829
36.9658
42.7765
37.2620
38.5814
42.6153
40.4022
42.3429
37.2953
41.0080
40.1047
41.9382
39.7187
41.8527
41.6233
37.4060
42.6064
40.8980
39.8069
40.2121
42.7794
42.8708
42.0302
43.0118
42.6416
42.3482
42.2122
41.4450
43.2554
38.4680
37.2312
40.4530
42.4927
37.2118
38.7711
42.5508
42.2980
42.7060
42.4354
43.0092
39.5177
40.6793
41.6545
39.5496
41.4906
43.0427
43.2973
42.7795
37.2663
43.2394
37.3589
40.0869
37.0302
37.5956
43.1839
39.7706
37.2360
42.5536
41.5883
42.1489
41.2893
41.6812
42.5521
41.2150
41.5283
39.3334
43.0224
42.5871
43.0121
43.0819
40.6203
41.0266
40.3673
41.8725
42.6222
42.6367
43.0497
41.8955
41.8008
39.6124
37.2280
42.5599
40.3023
40.8237
42.9757
42.4467
42.3009
42.2741
39.4260
40.2384
41.8486
37.4850
42.1887
40.9122
37.3521
41.7043
42.6944
38.1480
40.7359
41.4689
39.5442
37.3323
42.5968
41.9200
41.8082
41.9020
39.8816
39.6581
43.1782
42.5613
43.0905
43.0923
39.9257
41.9704
40.4487
41.8789
38.7184
40.3999
38.3658
39.2715
42.3337
42.8957
42.7567
40.9061
42.4030
41.6716
41.8669
39.3505
37.2967
42.6081
41.4198
40.5485
41.9267
43.0544
41.8508
42.1014
40.6163
42.1813
39.8204
38.5973
41.4441
42.8856
37.2046
42.6085
42.0755
41.5270
38.9490
43.2956
42.5625
41.8645
39.9122
39.7625
39.8495
40.3026
37.3486
41.9946
37.3973
41.5532
41.0264
42.6919
40.9937
40.8561
41.4869
39.3339
42.5151
41.8200
41.8948
43.2642
42.8747
39.6883
39.6604
40.5861
43.0994
41.4698
40.5106
43.3071
41.7237
42.3548
37.3914
42.8524
42.6129
37.3382
40.9229
42.6448
40.2987
37.0495
40.0189
40.7717
37.3235
40.3597
41.5264
41.9475
41.8091
40.7144
40.6694
37.1938
40.4291
42.3280
42.5280
42.0239
41.8475
40.0878
38.6712
43.0329
37.3497
39.7280
43.1754
42.6293
41.4148
43.1182
41.8648
43.2152
40.9522
40.4884
40.8327
38.4991
40.1492
40.3034
42.4263
42.2101
43.3207
41.6025
39.7824
39.6161
39.4019
42.2866
39.5582
42.3500
36.8896
37.3997
41.8488
40.5572
41.1726
41.3484
40.2057
37.9579
37.3309
36.8842
42.5061
42.6297
37.3455
37.1846
42.4061
36.9167
39.8731
42.2584
40.9726
42.7398
40.5045
41.8151
42.0627
38.7591
40.6107
42.4658
37.2608
38.8411
36.9259
42.6050
40.3362
41.5336
42.4265
36.9441
41.7636
43.3167
41.0358
36.8402
41.9465
42.5693
43.1842
42.3583
41.3511
42.2323
41.4348
41.7173
37.1761
43.2542
40.3111
39.9888
40.4555
37.7214
39.0398
43.3464
40.8922
42.1676
42.1896
42.3341
43.1366
43.0645
42.2182
42.9167
40.8131
38.6697
39.5143
36.9539
40.5448
40.3689
42.8221
43.2706
40.1192
42.6267
39.7331
38.6322
43.1866
43.3655
43.0363
42.0123
41.9138
39.8394
40.2257
38.4311
39.6823
37.3436
43.3285
42.5626
42.8415
41.4259
42.5917
40.5000
38.4555
40.2984
41.1898
42.2404
42.1976
40.3823
39.6370
41.0577
41.7652
43.0171
41.2513
41.2105
42.3425
42.2253
41.0307
43.1897
36.9751
42.3883
41.9262
40.8529
41.4859
42.3082
43.3322
37.1207
38.9507
37.8095
40.0870
43.1304
42.1751
39.5982
43.3630
42.8496
42.5705
42.3700
43.1710
38.1000
43.2498
37.7429
38.5916
40.2363
42.3827
39.8917
40.5493
42.4670
43.2961
42.4307
43.0540
43.0540
39.7790
41.9163
42.9871
40.0074
36.9574
40.5075
39.7198
39.3816
42.4947
41.9426
38.7733
37.5837
38.3873
42.3714
40.3258
42.6264
42.5543
43.3216
43.1303
42.3918
43.3801
36.9893
43.2653
43.1882
40.7013
37.0020
42.1992
37.3359
36.9836
42.2180
39.9480
36.9663
36.8770
42.4001
41.9320
37.0172
38.7017
40.2721
39.2673
43.1947
43.1500
41.3527
40.4699
36.9679
38.5152
36.7643
41.6402
40.4170
42.1715
42.5151
40.9779
42.2696
36.9865
41.4563
39.5684
43.3570
37.0332
40.7866
42.1050
42.5452
42.4039
41.7621
42.2553
43.1691
40.8813
43.2833
42.5661
43.1767
43.3902
38.5746
40.4001
38.4879
43.3117
42.8903
36.9850
43.4034
41.8146
41.5064
42.1775
42.4813
43.1523
41.0696
40.3451
36.8315
42.9778
37.7147
41.5955
41.9084
40.5860
37.1050
42.1676
40.5568
38.3526
43.3531
38.2978
41.2002
43.3360
43.0405
42.3670
41.2953
36.8689
36.9932
42.3303
43.1375
40.6195
38.3174
42.5487
40.9634
42.2178
42.8464
39.6908
39.8819
40.8721
42.3708
41.2653
43.3010
42.1140
39.5974
42.3926
41.2260
38.4145
43.3337
43.3171
42.5303
42.5698
39.4494
36.9956
43.3545
42.5006
40.1460
36.7525
43.0268
42.4051
40.5972
43.2897
42.4291
42.3876
38.6922
39.7870
43.3953
43.3830
40.8250
42.1945
40.7508
43.4073
41.4501
37.6091
37.1333
42.1760
40.7144
42.4427
39.5594
42.5727
42.6441
42.0333
39.8594
42.9682
41.5069
40.0111
42.4013
42.3866
42.3204
38.2168
42.3546
43.4204
37.4363
40.9441
43.3187
40.8633
40.6240
40.8103
42.4558
38.4301
40.4811
43.2205
41.2433
42.4160
38.3486
37.0097
41.1263
39.4872
40.8488
37.0372
38.9634
42.7349
42.4976
43.0997
41.3329
40.6064
40.5741
40.9565
43.1434
43.2979
40.7892
42.0898
40.3662
40.6295
39.7008
39.6615
40.2558
41.2189
42.5624
42.3177
39.5693
42.3349
41.9116
41.5675
41.4025
42.2613
39.8232
42.3742
39.3901
43.1211
41.0262
43.3404
37.6549
40.9009
36.9988
43.2088
42.4379
37.4907
43.1658
37.7957
37.1411
43.3289
43.1337
41.0053
41.2099
42.5442
41.8077
40.9368
41.8853
37.0024
43.1529
37.0120
40.5169
42.5904
39.2932
42.2984
43.2610
41.0532
41.3518
37.1331
40.9606
41.8901
42.1663
42.4242
40.5716
43.3645
39.9195
38.3532
39.9907
43.2094
38.6181
42.8192
42.3673
39.4900
41.5638
41.0846
40.0623
43.3117
43.4278
36.7751
39.7847
42.3208
42.3848
40.1297
42.2982
41.2919
42.4142
41.6996
40.8836
41.2054
40.6380
42.5504
40.5271
41.1378
39.6041
42.6019
42.7663
43.2722
42.5422
39.7170
42.4083
42.0958
37.1710
41.6421
42.3992
40.3085
38.6099
41.0898
40.9521
37.5402
40.6396
40.8685
42.9817
42.5257
41.3475
43.2306
42.5772
42.3917
43.3544
40.3272
41.5366
40.9790
41.7977
42.3293
40.3767
42.1556
42.3382
43.1528
40.1550
40.0646
41.0666
40.6307
41.6806
36.9794
41.0270
41.7247
42.6825
41.4652
42.3290
38.6963
39.9819
42.3707
43.2833
38.6376
40.7597
36.8212
41.1975
38.7503
43.3639
42.7231
40.9825
39.5029
43.2115
43.3828
40.4565
41.6694
42.6600
42.4952
40.5172
43.3020
42.5158
40.9375
43.2333
40.0436
38.9755
41.9358
42.8714
42.4481
41.5574
39.9218
41.1349
42.3730
43.2075
42.6092
42.1518
40.3314
40.5800
36.9938
38.2524
42.4825
43.2472
40.6117
40.8406
39.9458
38.3209
42.3961
41.2749
41.5265
42.4107
39.9727
41.0192
43.4132
43.1800
40.9643
43.3533
37.5287
42.5757
40.1834
41.0561
43.1086
42.4686
42.5479
41.2862
40.9021
41.7827
40.1227
43.1735
42.7127
42.5646
42.9719
40.4179
43.2570
39.7278
43.3005
40.9262
43.1496
38.5688
42.3184
40.8482
37.6085
41.1791
42.5118
41.9543
43.4167
37.7051
40.9839
43.3150
41.7488
40.8881
40.5026
41.0203
42.1534
42.5122
43.3075
42.6873
39.4055
37.1769
42.5457
36.8464
43.4044
40.1629
41.1182
39.8169
42.4420
37.0209
40.6196
42.3782
38.6237
40.8721
40.8303
40.5442
38.7544
40.4625
36.9745
42.6225
39.8972
42.5884
42.4921
43.3797
43.4064
43.1433
42.5415
41.5710
41.2667
40.3568
41.7841
42.7158
40.6651
37.3695
41.5082
40.9466
40.6933
42.3896
41.3112
41.0043
40.2978
42.8024
43.3789
40.5260
39.9084
43.2968
41.0380
42.1318
42.7567
43.3261
41.9559
43.2452
37.1800
40.8092
38.8416
40.5706
37.9204
42.4336
41.4754
39.5126
40.7769
43.3659
37.0312
38.5482
42.0598
40.6666
42.6278
37.7156
41.2512
43.0527
39.8417
37.9106
42.5247
41.0842
41.4926
42.3466
41.8387
41.2352
40.0105
41.1717
43.3096
40.4154
41.7913
37.2861
37.2861
42.9945
38.1693
39.9255
42.5812
40.2622
40.3075
41.7629
39.6734
43.3623
42.3267
38.7371
40.7135
40.4918
37.0000
42.6493
43.1622
42.5021
41.1419
43.3207
39.1578
36.7481
42.1405
41.1021
40.9997
42.4505
39.3104
40.3427
40.7441
40.5312
38.0011
43.3287
41.7964
38.1574
43.3031
37.1723
42.6155
42.3260
41.9813
40.4557
40.2453
41.9361
38.3115
39.5908
41.0675
37.4790
41.6734
42.5037
40.6819
42.4299
40.8249
41.7171
42.5584
38.8995
40.6531
41.2300
38.2395
40.6102
36.9608
43.3114
40.4081
40.8670
36.8636
42.7154
41.2463
40.0472
42.9199
38.5847
42.6561
40.5683
41.4676
43.0833
37.1814
42.4382
41.8291
41.5876
42.3176
37.8451
40.7696
43.1799
37.1626
41.1353
38.6608
40.9040
42.4943
39.5260
40.4924
42.6034
41.9522
37.7641
40.7958
40.8228
42.4254
42.1163
42.4541
36.9959
42.4372
42.6678
42.7266
43.3477
42.9354
38.1154
43.3169
41.1045
39.1287
40.9470
40.7523
37.5566
41.4232
41.4526
41.3833
43.2660
40.3647
41.7227
43.2103
42.5466
40.9850
40.7910
42.8500
42.4258
40.9228
38.0282
39.8162
37.5887
38.3424
40.8497
40.1840
41.2190
36.8874
40.2301
42.6352
40.5336
42.1481
40.4469
41.1282
40.9643
40.3230
42.4668
40.9103
37.1798
43.3167
41.0593
39.5985
42.5730
37.9133
39.4023
41.2176
40.5165
41.9636
40.7066
43.1222
40.0183
41.1032
38.2562
37.2272
37.3004
38.7520
42.4143
42.3150
43.2140
42.4913
37.6097
37.1689
41.7714
42.1156
41.2673
42.2149
43.2628
40.8275
36.9815
42.8414
40.1182
37.1839
37.2244
42.3372
41.8486
40.5730
42.6491
40.7552
40.6298
39.7602
37.3503
41.1532
37.4134
40.8042
42.4602
40.4636
40.7271
40.4187
42.6401
36.9467
40.3292
40.4951
41.7147
41.2225
39.9832
42.4204
37.3176
36.9767
42.3486
42.0513
42.5492
41.8927
40.2112
43.1929
42.1522
41.3685
41.9552
42.6747
37.7589
42.3237
40.6682
37.2962
36.7913
42.5883
41.5736
37.2794
38.2475
42.6404
40.2852
39.3899
36.8273
36.9279
39.6181
37.3036
42.9867
40.8895
43.3828
40.3694
42.3029
41.8028
36.9483
42.6045
42.1196
37.5017
37.2576
40.4722
42.7167
41.1294
40.2567
40.8540
42.6340
40.3367
40.9376
41.9873
42.6790
40.6381
38.9415
40.0681
37.2307
43.2406
38.8443
41.9346
40.3655
42.4139
41.3789
37.5817
39.5089
41.2330
40.7878
40.5967
41.0004
36.9317
40.5019
42.3054
40.8219
41.8309
37.4198
43.2453
42.4063
40.4249
42.5909
41.8987
42.6594
42.6269
37.0025
42.1016
36.7944
40.5650
40.4655
42.3198
42.7920
40.9709
40.1687
40.6079
38.5403
42.5011
42.4064
42.4817
43.1000
37.2756
37.7054
42.0233
41.9852
38.0345
43.2727
40.8669
37.3500
42.7615
36.9377
36.7955
42.2160
36.8779
40.4323
40.4197
42.6687
41.1136
36.9025
42.6309
40.5843
40.9272
40.2955
41.7251
41.9189
39.7213
38.0692
42.3865
40.7863
37.4311
36.9424
42.1149
41.0860
40.2446
38.1846
40.6371
42.4333
36.9333
37.4774
40.3662
42.5503
42.6221
39.9017
41.9832
43.3544
42.6824
42.0680
41.5055
40.9574
40.5542
42.5901
37.3209
39.6256
40.6310
40.6453
40.6953
40.1336
40.7949
41.5360
42.1365
42.5023
36.8088
38.9722
41.8399
41.9983
39.1182
40.8201
40.2345
37.8440
41.9695
40.9356
39.3669
37.5046
36.9488
42.4731
42.0393
42.7827
36.9612
43.2253
39.4260
40.4047
42.0848
36.9400
41.9269
38.6402
42.1726
40.4817
42.5869
41.7172
40.1619
38.0081
39.9870
40.8434
38.4118
38.9964
41.4193
42.4222
40.5486
40.7637
40.3382
42.5113
43.3942
37.7239
38.7605
42.4831
42.5532
40.9082
40.1076
41.8601
43.0370
36.7436
42.8019
42.6457
42.9000
41.7659
40.6665
42.3082
42.4154
43.3687
42.0619
37.5566
41.6101
36.7876
42.0990
40.8245
36.9284
36.9229
40.3839
42.0215
37.8227
40.5923
41.8197
43.4115
42.5901
42.7348
43.3435
40.1402
42.1916
42.4152
41.9624
39.2404
41.7985
40.7035
36.9022
41.4491
42.4814
42.0681
42.1195
36.9266
41.7378
43.3042
41.3647
38.1820
39.7068
43.0921
40.2275
42.4428
42.5279
40.3010
37.1599
43.2212
37.4434
37.4434
39.9804
42.4762
42.5777
42.1685
41.0121
43.3954
42.1347
41.2468
43.4422
41.0785
37.6452
40.5448
42.3228
39.4290
42.6244
41.3910
42.3961
42.2118
40.8432
42.0944
38.0481
41.0986
43.2579
40.7606
40.9333
38.6453
42.7347
41.4624
37.1920
37.7917
41.8963
42.4577
37.9934
42.6919
40.6295
42.2742
37.8416
39.8841
39.7856
41.2800
40.4589
41.6888
36.9181
41.9741
40.5344
39.3243
37.2192
38.0487
37.1857
40.1042
40.8557
42.4201
43.4580
41.4504
41.8250
42.9284
41.4272
40.3970
40.3670
41.6297
40.8371
41.5611
38.5126
43.3558
40.5964
42.5783
41.3681
39.9603
42.6654
42.7161
42.5532
38.0226
37.1634
39.2177
39.6983
41.2576
37.5720
40.5673
43.4200
38.2047
42.0300
42.3770
37.7861
40.6388
40.7469
43.4368
40.6956
36.8320
42.1661
36.7447
41.9792
40.3297
41.4033
43.1881
37.2182
39.2746
41.7445
42.0592
41.6844
43.4800
41.4871
39.4669
40.9759
40.9530
37.3927
41.8343
41.9056
40.9220
41.0593
42.7049
40.5048
42.4084
37.9845
39.8897
42.3312
42.8200
41.9524
40.4255
42.2115
37.1593
40.8279
38.3391
36.9774
37.1321
41.0441
42.7517
41.4301
41.0601
37.9966
41.3674
36.9477
40.9950
43.0769
37.2311
41.6959
41.7699
42.3600
41.2396
41.8600
43.2825
40.8881
38.5233
43.4730
41.1805
40.4259
37.6769
36.9879
41.4313
40.2078
42.1299
40.1367
37.1342
37.2366
41.3995
40.0035
37.2749
42.9383
41.6395
42.0954
43.4569
42.3878
41.7005
37.1524
37.2579
42.6235
38.8303
41.1331
40.7660
40.7329
41.0473
42.0417
42.3602
37.1206
42.3142
41.0674
41.8015
43.3798
36.7463
43.3973
36.9904
41.3904
41.2175
41.1066
37.2206
37.3252
41.5948
43.4703
41.9832
42.2256
37.2570
37.1765
41.0327
43.2743
37.0750
41.2788
40.0321
40.8163
40.7437
41.4244
37.1044
39.4605
36.7869
39.2191
37.1199
37.2226
42.1686
36.8457
39.8643
37.7862
41.3724
39.6017
42.4062
38.2747
40.8640
40.6787
41.4652
37.4813
39.0718
39.9363
40.9264
37.1401
37.2733
40.1593
41.8735
42.3310
40.7987
39.9026
42.2861
41.0870
41.0298
40.8197
41.8064
41.7372
40.5475
37.0243
37.2312
36.9282
38.2295
42.8086
41.9686
37.0943
37.5559
37.6533
38.0936
41.5209
40.9937
37.2057
41.2582
41.3368
42.4581
36.7995
37.9962
42.3955
41.5912
41.0181
43.0588
40.5475
41.0401
42.1891
41.6469
41.3955
37.1076
37.1478
41.2355
42.6167
37.7380
42.0411
41.5488
37.5294
42.2308
41.1670
41.5225
37.2309
39.7242
42.2601
41.9700
41.9047
43.4081
40.8725
43.3400
42.2997
38.9057
41.3749
36.7973
43.4556
37.1533
41.0059
37.5013
41.3255
40.8245
36.8343
42.1445
41.3509
40.1927
36.8149
37.4276
42.4499
43.3800
42.2575
41.2177
41.6317
38.1815
41.6717
37.2229
41.7734
41.1400
40.9214
42.4148
42.8990
36.7345
37.7416
40.7848
37.9313
42.0939
41.1823
41.9088
40.2445
40.1044
42.2593
37.1350
41.5756
42.2007
42.3409
37.1667
43.2358
40.4167
42.0395
41.8317
41.5108
38.8909
41.3730
41.4560
42.1722
40.8581
41.5506
43.2756
40.5991
42.4100
37.3721
39.4118
40.9646
37.1894
37.1015
41.3814
38.0193
41.1184
42.1246
40.9908
41.8620
39.8781
41.6103
43.3814
39.8175
40.3050
42.2696
41.2083
42.3850
42.3014
40.9098
41.9426
40.0697
42.0484
43.3421
41.2411
38.7953
41.6824
41.2974
42.7154
42.8533
43.4167
39.0164
41.4140
37.2515
41.7596
41.5822
41.5253
42.2645
42.0258
41.0950
41.8335
40.3264
37.0625
39.9895
40.6590
42.1058
40.8138
41.9886
43.0206
40.1041
42.5217
41.1885
38.8528
37.2014
40.2375
39.6843
41.3559
38.1713
39.2305
38.0959
42.1788
42.5847
38.7049
41.1630
40.1871
42.3471
41.5124
41.4607
41.6507
43.1589
37.2196
40.7543
41.8313
42.9706
37.3416
41.0747
41.0697
37.7657
42.2764
39.6357
41.5520
40.9515
41.2438
42.3374
41.1912
41.8842
41.5827
40.0123
40.2015
40.2839
41.7561
41.3933
42.0522
42.7091
43.2111
40.1224
43.2302
41.1795
43.4610
37.9683
41.2269
41.1304
37.1999
39.7163
40.4352
43.3515
42.1607
41.5636
39.0184
43.4016
37.6893
43.1152
40.9262
42.3474
42.2726
37.5903
42.4097
41.5943
37.0685
42.4827
36.9488
37.1314
42.3097
42.1097
41.9837
38.4768
41.0546
41.7769
40.2495
40.3491
41.6214
37.0306
43.2613
40.1711
37.1951
42.3402
40.0439
40.1917
38.9122
37.4852
42.3094
41.4443
38.7382
41.3628
41.8192
42.6200
40.9179
42.3726
41.3975
42.2839
41.9743
40.1242
41.6055
43.3731
39.7547
40.0750
43.3104
39.1716
41.4207
40.2142
41.1377
40.0247
41.1934
40.2603
38.0331
41.6589
42.0459
40.7271
40.3228
41.6286
39.5814
39.7118
41.0738
40.4728
42.7692
41.6894
39.6475
41.7409
40.0842
36.7450
40.1558
40.4053
42.8967
40.9038
37.2884
39.9609
41.8151
37.9846
43.4067
37.8740
41.2709
40.2047
41.1616
38.9648
43.2661
36.9577
37.7766
43.0989
41.0845
42.5150
41.3677
36.7925
42.2767
41.1333
40.3571
40.1697
42.1868
41.6224
39.1247
40.0406
43.4428
37.6478
40.6227
41.1213
38.6215
41.8295
40.0273
37.7471
42.0769
41.2054
41.9165
39.9391
37.0600
41.4786
42.2067
41.0388
38.0050
41.4568
40.7175
40.2688
40.1427
40.2103
40.1137
37.4636
42.4712
42.3383
38.9861
41.3825
41.6971
41.2586
40.5763
42.3619
41.6016
39.9575
41.2968
41.7534
42.3799
41.3416
41.2351
42.2627
41.7832
42.1606
39.5631
42.0436
42.4839
42.8072
41.6665
43.2387
42.2026
42.1199
41.0516
39.7324
41.0350
38.8374
37.5283
39.7969
42.4558
42.9942
40.0081
42.9556
41.9683
36.7585
41.3999
41.1722
43.3157
41.9968
43.3866
43.2129
37.7654
41.5425
40.1192
38.8496
41.4948
40.4906
43.2991
37.1698
41.1209
41.6138
37.7228
40.0898
42.4422
40.6812
39.6762
42.1322
36.8330
37.0602
41.4425
38.9358
39.7125
41.6671
42.2471
39.9431
41.7118
36.8461
42.2059
42.1965
37.0025
37.9705
40.7164
42.7027
41.0410
42.2980
36.8374
40.0218
42.2727
40.0535
39.7966
40.2297
41.6426
41.1929
43.4271
40.4055
43.2000
43.0167
41.3801
37.8397
42.0277
40.5774
40.4468
40.9037
42.1750
41.1551
42.2272
40.6273
42.5158
41.4453
37.2142
37.3210
36.7980
42.1687
40.2878
41.5756
40.7289
43.3850
42.1989
40.5610
41.7278
42.4675
39.9416
41.8165
39.6942
40.6939
38.8543
40.6588
36.8550
39.8568
39.8043
40.9918
41.0277
43.0529
40.3478
42.9727
41.4947
41.1021
36.8629
37.8787
42.3286
40.1858
41.3742
40.9619
42.7802
36.7722
40.0997
43.4266
43.1529
41.5719
41.4000
42.4178
36.8147
42.3130
43.1200
43.3515
37.1946
41.6428
41.6722
43.2753
43.1862
42.1601
41.0524
38.0368
40.7415
37.9365
41.0343
41.4727
39.8060
40.4266
40.9310
41.5327
39.0498
41.4247
42.2150
38.8459
39.7768
41.6869
40.5021
39.3153
41.6243
37.1488
43.2596
41.1946
41.7920
43.3232
38.5745
38.4668
40.7146
40.9978
40.0177
40.9526
42.1195
42.0760
43.0822
38.7269
38.8587
43.0613
36.8735
43.2167
42.6682
37.5911
41.5364
40.6735
40.2045
37.4390
42.7182
42.8753
42.1445
41.3913
41.4498
43.3427
41.6391
36.7786
40.3471
42.2832
41.7578
40.9687
41.2973
37.9736
42.4618
42.3723
43.3890
40.2996
41.0673
41.2284
38.6860
41.3684
40.1553
36.9026
41.5247
38.9866
41.0006
40.0551
41.5946
41.9459
41.6678
42.4300
40.9494
40.0922
42.4595
41.3453
41.1672
42.0255
40.4692
41.7551
39.7608
39.9822
41.6994
42.0953
40.5851
40.3381
41.0910
42.0511
42.1472
38.7888
42.2883
43.0007
40.8657
38.6150
41.3928
36.8628
36.9755
41.5362
42.1606
41.6744
39.8134
37.5116
40.5917
42.9667
42.1822
37.1688
39.6944
39.1461
37.7969
41.6427
41.0179
41.0742
37.3249
36.7912
41.4150
42.8778
40.8548
43.3667
37.2530
39.7891
37.7530
38.9012
42.7739
38.0443
40.4865
42.3105
41.0006
41.8192
41.2216
40.8417
39.0328
42.4078
42.5783
38.7089
41.0287
40.5475
36.7761
41.2606
41.8611
39.7405
38.6150
37.8709
41.7668
41.3834
36.9269
41.5863
40.2376
36.8321
39.9608
41.1045
42.4382
37.4389
40.0118
41.5695
40.4186
42.2492
41.4929
41.7681
42.0482
40.3240
40.9822
42.0839
43.2986
40.8201
40.0530
40.3792
41.1904
39.6640
36.7624
37.9437
41.6202
43.0167
36.8086
40.1690
41.0092
37.7751
41.7558
41.8720
39.7101
42.6872
39.8977
36.8307
40.0639
39.6110
43.3074
40.6273
42.3567
39.9831
36.8145
40.9566
40.5009
42.5160
41.0967
42.1455
41.0714
40.1190
42.2894
42.4035
42.2117
41.9372
43.3383
36.8487
40.7177
40.3850
43.3817
42.5149
43.1551
36.7712
42.2535
42.3438
40.8177
40.5957
41.2152
42.0795
42.1553
42.2873
42.7925
36.9951
43.2596
40.9774
41.1225
42.5362
41.7400
40.9155
40.0471
41.9885
36.9794
37.4436
40.9517
39.7034
36.7157
37.5593
42.3407
40.7946
41.4813
39.2189
39.9813
39.6420
42.9077
37.9823
42.3700
41.6426
43.3856
38.9838
36.9149
42.1924
41.2593
40.5115
38.6608
41.0377
36.7653
38.8459
39.9013
41.7488
41.8577
39.9666
43.2037
38.4066
40.2768
41.3239
42.9350
37.2573
40.9941
40.9455
42.6599
41.5111
37.5431
41.4025
41.4846
37.8674
42.0340
41.0772
41.7345
38.2705
40.1053
40.0120
37.6144
40.6032
41.2885
41.8322
40.7616
41.2230
42.5945
39.5393
40.3595
36.9050
37.1804
40.8091
37.0283
40.9615
41.9617
42.2148
42.3080
40.8786
42.2585
42.6825
39.9252
43.3292
41.1285
40.8481
42.5418
37.5546
38.8794
39.8645
42.0499
42.4102
41.8800
41.6239
36.9962
41.6383
41.1219
40.9781
41.8125
40.0025
40.0659
42.4800
41.7031
37.3259
42.5245
42.7069
43.1539
42.8488
41.1154
41.7510
40.8000
38.0262
41.9759
37.8966
40.8966
42.6592
41.4459
42.5752
42.8917
37.0948
39.7023
40.2331
42.2034
42.8757
41.0875
42.5157
42.3170
40.3617
43.3859
42.0412
42.5782
39.9578
43.2547
40.1686
41.4060
41.0689
42.2675
39.4612
41.8524
40.5945
43.1019
40.7799
37.2696
40.9472
41.2580
36.7197
42.4197
40.5018
42.7221
37.4744
41.4043
41.0800
41.7290
41.9827
40.0243
41.7929
40.2058
41.3386
36.8940
41.9534
41.6077
42.6398
40.9068
42.2138
39.9427
41.1962
41.9107
42.5914
40.3009
40.0984
42.2699
41.5704
41.3183
42.6092
37.1863
41.5081
39.8875
40.1837
39.9641
37.9671
41.4424
42.3893
41.6635
42.6907
40.4551
40.2646
41.7986
43.2500
37.5857
39.6357
41.0518
42.1731
40.8880
41.3977
40.7425
41.5760
42.5276
39.2609
41.9045
42.7207
42.4543
37.6886
42.2951
41.3412
42.2841
41.7034
42.6189
43.3775
37.4087
43.3088
41.1558
37.2359
37.2749
42.2109
40.3101
40.3101
41.2807
41.9212
42.1149
42.3281
40.3264
42.4122
39.9566
39.6122
42.4837
37.9405
42.8658
42.9883
42.2975
36.6218
42.0747
38.4084
39.9254
40.1565
40.4163
42.0296
42.6299
41.4739
39.9759
40.8112
42.8190
40.0006
41.9483
40.7065
42.1541
39.2208
42.5089
40.8438
41.2183
41.0308
41.6309
39.4952
41.6883
40.0467
38.0274
42.6708
42.9391
42.0902
41.3071
41.5362
41.7993
42.2016
42.0125
40.5764
41.3617
41.0553
43.0770
40.5425
37.2673
36.8253
42.3169
39.1538
41.0822
41.4059
37.9619
41.8762
41.6849
39.8942
42.2739
37.6821
36.6684
40.3039
39.9705
42.5324
37.0194
40.7007
42.3549
41.7530
42.4000
41.4074
42.2049
39.9848
39.9479
43.3700
40.3243
39.7691
41.1552
36.5952
43.1326
41.2518
43.2558
42.4414
40.5418
41.3393
42.1941
41.5864
40.8934
40.7510
37.4733
42.0528
43.1667
37.2492
42.5654
40.2940
41.4790
41.6816
43.3100
39.2250
40.6941
42.2450
40.1763
40.9947
42.8079
41.0671
40.2378
42.3390
42.5608
40.9459
37.4353
42.6735
38.9439
39.9866
42.0892
42.6375
41.2671
41.4598
40.6261
41.8319
40.1147
39.0864
40.2316
40.8409
43.1535
36.5390
40.7458
41.6542
38.3228
36.7113
39.9645
39.7843
40.8122
41.9917
42.7157
41.2089
40.2994
40.8778
36.5957
40.4788
37.5896
40.9833
39.7263
42.1086
40.9237
41.5119
42.3922
40.8359
39.6660
41.4729
41.1119
41.7340
40.0993
41.2436
40.9985
41.1836
39.3253
41.1342
41.8301
41.0094
42.3269
41.2751
41.0938
42.6060
37.5150
40.0635
37.1256
37.2078
41.9340
41.8550
42.6261
42.0151
42.4693
41.4319
42.4160
41.1402
40.7507
43.0605
43.2578
40.8014
42.3765
41.3697
37.3087
41.2138
40.0109
38.4751
39.9126
42.9243
41.2287
40.4790
36.9313
41.2889
40.1011
42.7643
41.0654
42.2589
41.6966
41.6132
40.1370
36.6419
42.6466
41.8103
43.1500
42.1530
41.1160
40.3174
42.4027
37.6486
41.7582
41.5409
40.6564
42.2321
42.4538
37.1147
36.8226
36.7672
40.4110
43.3200
38.7387
40.8838
39.7637
42.0270
41.3675
39.8309
41.0644
41.5833
37.6723
40.1040
42.2784
40.9341
41.6530
40.8575
37.1346
40.9163
42.8085
40.0689
41.9840
42.5222
42.3559
40.8267
40.1855
42.4560
37.6082
42.2411
40.7418
42.4825
40.7718
37.5829
40.2334
43.4195
41.5288
39.7433
40.8823
40.6137
37.2939
36.6587
40.8030
41.7436
38.4287
40.7946
41.7067
42.5240
40.6473
40.2811
40.4597
42.2904
41.4760
40.8417
37.3905
41.2616
39.7038
40.9784
40.5472
41.9614
41.1605
37.8847
37.2010
41.9140
40.7686
40.6741
42.0160
42.0834
40.5929
38.4963
39.6529
41.1171
41.6610
42.4211
40.9368
37.8833
40.1577
40.4137
41.2287
38.6769
42.2353
41.4147
40.2116
39.2138
40.6313
40.0902
41.6095
42.5784
42.5064
40.9677
43.3000
40.9010
38.1343
41.1828
40.0321
40.8301
42.6444
41.0892
40.0525
40.6117
41.0495
42.6812
40.6355
40.4594
36.8516
40.4535
40.3796
42.0307
42.7223
37.6549
41.2765
40.5550
41.5902
40.6687
40.1049
41.4116
37.2687
40.7114
38.9401
36.6302
41.0773
36.6565
42.0872
39.9598
40.8678
39.4802
41.3185
40.2975
40.7824
40.8300
40.5894
38.7754
42.1684
42.1380
42.0624
41.6987
41.3718
36.7852
40.9404
42.7537
41.1224
40.9597
37.5663
40.6211
42.8263
42.7889
36.8780
42.5519
38.3774
40.5415
40.1763
37.3618
40.2775
41.2193
41.0413
42.2931
41.9445
36.7277
36.5642
42.2205
41.6407
42.2629
41.0077
41.8635
41.4593
37.0454
42.3546
40.0226
40.7245
38.7969
41.5177
37.1246
40.8752
39.7932
40.8007
40.4156
38.9790
40.7584
42.3366
40.9385
41.1166
41.5786
41.9895
37.2915
40.8585
40.8384
40.0101
36.5099
42.0135
42.2537
38.4452
40.3643
37.2230
38.4110
41.0175
40.7093
41.9025
41.0033
40.6028
41.0930
38.5954
38.1395
42.4058
36.6867
39.6093
40.5536
41.4146
40.4250
39.3114
41.0852
41.6085
42.1332
40.7866
40.9791
41.5093
38.9563
40.3359
42.0426
37.2513
40.2429
40.6648
41.6757
41.1489
43.1518
41.9419
39.8695
36.9835
36.7317
41.3082
40.8213
40.8493
40.5994
41.5927
41.2146
42.3605
42.9739
40.8867
41.0651
40.4013
40.4402
37.6736
40.7994
41.1757
39.1313
40.2040
40.7785
40.1076
40.9760
41.7802
37.7576
41.5790
36.7899
38.9912
42.8154
41.1869
39.7601
36.5822
42.1239
37.3747
40.9527
38.4827
41.0015
41.4141
41.1072
40.7550
40.7016
41.9842
41.6481
42.8944
37.1066
39.5761
42.5350
40.6643
40.5893
40.5314
42.2508
42.3136
43.3353
38.3882
40.9306
42.1792
41.0464
40.8734
41.5464
41.8557
38.7272
42.0777
41.2301
42.2217
40.3989
40.7050
39.8814
39.9807
40.2754
42.0492
41.7113
37.0973
38.4557
41.9431
40.9013
37.3557
41.1234
39.6514
40.7973
37.2528
40.5416
42.0105
40.2859
41.0894
41.5017
38.3930
39.0495
40.2508
41.5587
40.8118
40.5086
40.2924
40.7372
41.0195
42.9748
40.9649
41.9285
40.6596
42.4628
41.2580
38.0760
40.5905
40.2599
38.1887
39.7622
37.8096
42.3209
37.0039
41.2045
41.9771
36.9515
41.3079
42.7254
41.6480
42.7839
40.7066
42.3720
41.5796
41.6800
42.0993
40.9218
42.6590
43.1382
41.8349
40.8020
40.5430
41.7737
41.8832
41.2312
42.1897
36.8764
36.5245
42.4270
42.5609
38.8797
40.4576
41.6661
38.4226
40.6527
39.1689
43.0236
38.9777
39.5896
42.0585
40.3685
41.2674
41.5644
42.1621
42.5685
43.4615
40.8589
40.0611
41.6392
40.5734
40.3929
41.6742
40.5508
41.9857
43.2443
41.0232
40.6643
40.9346
41.3326
40.5669
37.5409
42.3877
40.4257
38.8205
41.6199
40.2649
40.8014
41.4850
40.7375
41.0651
39.2823
40.2087
42.1310
40.0698
39.6896
42.1483
37.0701
40.8770
41.9456
42.2683
41.6098
42.2181
37.2370
37.7032
40.2497
40.4501
39.9047
37.8004
41.2134
40.5562
39.6367
40.7164
40.6921
41.8235
41.5947
38.8192
39.5244
42.1883
40.7696
43.0391
42.4918
41.6489
40.6051
40.8773
36.6303
38.9104
42.0824
42.8029
43.3485
39.7858
40.9970
41.4447
36.6553
40.3624
41.5870
41.5501
40.2217
36.7994
42.2433
42.1559
39.7390
39.6050
42.9031
42.3876
36.4248
41.9293
41.1957
38.9247
40.7910
38.5010
39.8083
42.0326
36.6127
37.0150
42.8363
41.6800
38.1997
39.9325
40.9835
36.6454
40.4306
42.3436
42.1675
43.1900
41.8150
40.9026
40.1729
36.7420
38.5784
38.8005
41.2518
36.6251
39.8032
41.8598
36.9049
39.9191
40.3573
42.6555
37.0504
41.6314
43.0492
42.2886
41.9842
40.5783
42.2301
36.8641
42.1266
43.4500
41.1253
40.4859
41.3519
36.6162
43.3700
42.1739
39.2458
41.7813
41.0526
39.7063
41.0143
40.5291
40.8400
42.9493
39.9060
40.3594
36.6332
40.9039
41.7271
41.5562
42.2113
41.9461
40.9418
38.2723
40.7153
37.5989
40.8566
42.3566
41.6032
36.5643
39.6470
41.3072
39.4488
42.8123
41.8922
38.7212
42.0990
40.8014
42.4230
36.9736
37.3535
41.2192
42.5763
39.8302
42.6249
40.4977
40.7629
41.0840
36.9155
42.0579
36.5443
39.0333
42.0142
40.3639
40.1551
41.5778
39.8897
37.8308
36.6400
39.7990
41.7588
37.5261
36.3771
41.1709
36.7337
42.3442
36.7187
41.7225
39.8748
42.2242
38.9852
41.8216
40.9862
41.3888
36.5940
40.5609
41.0474
40.5309
42.1656
41.8950
41.6517
36.9353
36.6058
41.8486
38.9751
43.4853
38.3030
36.6520
36.4433
43.0066
36.5729
36.5517
41.6917
40.6571
40.4720
39.8980
40.8023
42.0986
39.7263
41.4818
37.7016
42.0066
41.9503
40.8896
40.8311
40.4868
40.6704
40.7475
40.9539
41.8178
41.6208
40.0088
41.5971
42.3051
40.3529
42.3981
40.5028
41.4325
41.6735
41.5368
42.3565
37.2244
42.1371
41.9700
42.0417
36.5183
42.8667
36.8551
40.5373
42.0770
41.7358
41.2300
41.1354
41.0528
40.4634
39.1056
40.3558
39.4522
42.8185
41.9246
40.6059
40.6625
36.6169
41.5783
39.8660
39.7198
37.7073
40.9289
36.1612
40.6309
37.4622
43.1833
39.8196
41.8666
40.5211
38.3711
38.4050
40.8542
40.5528
41.2833
40.4336
41.8989
43.3510
40.9113
40.8778
41.6276
36.7584
40.3667
42.6840
41.6542
40.7828
41.1677
40.1483
40.5873
42.3386
42.4327
40.9945
40.7544
42.2406
41.5844
40.6494
36.2098
41.2514
40.4929
41.0471
39.7410
40.3885
36.6959
37.7785
39.3801
36.8405
40.8822
41.0077
41.5264
40.8225
42.8687
41.0803
42.1343
41.9866
40.5318
36.8809
42.8492
40.9507
40.5095
40.6402
41.3810
43.4180
41.9058
40.4622
41.3445
41.8646
42.7508
42.9736
40.9696
42.5336
39.5844
42.4975
37.3297
39.6278
40.3818
41.9208
38.2668
36.2862
36.6995
42.2197
40.7696
41.1072
40.9772
37.5695
41.6256
42.1948
42.3779
40.8602
40.4748
41.1472
43.4814
41.5973
39.5112
38.4065
41.2908
40.3150
36.9702
42.5089
42.0776
38.5892
42.1774
36.6777
42.2459
36.1298
40.5368
40.7380
40.8186
41.9892
40.5940
41.7226
40.3888
37.1223
41.4513
36.4340
39.9951
42.4079
39.8540
41.6746
39.4372
41.9701
41.8191
40.1296
37.9335
41.2063
40.4375
40.5670
43.1942
41.0615
40.9681
41.3331
39.0906
40.9346
41.6306
42.3298
41.8134
41.9459
42.0304
42.0304
40.4762
42.4707
40.7889
41.4821
39.7843
41.1032
42.5186
41.9005
39.3370
40.3703
41.6539
41.0436
42.1420
42.5938
40.7286
36.1854
40.1233
38.6992
41.8574
41.2294
42.0295
37.2898
39.0305
41.0080
42.8439
40.8925
40.3285
41.5796
40.2783
40.9930
41.7682
43.3582
39.6839
36.7575
42.3729
41.0876
39.6111
42.0225
40.3043
39.5476
40.8246
40.1217
42.2940
39.8371
40.3571
42.7328
40.9266
41.1480
41.0639
42.4398
37.6592
40.4893
40.3357
42.4827
42.3453
39.0051
41.0430
42.8864
41.3892
40.1219
40.5897
40.7665
40.4424
40.3924
40.2925
42.4014
41.7005
40.6630
40.8399
37.2641
41.7216
39.7563
42.0030
38.7226
36.9216
41.6107
42.1847
41.0629
40.9822
41.9373
40.9459
40.3477
40.7440
36.7897
43.2358
42.6389
40.4101
40.7714
41.0933
43.4100
39.8876
42.2861
42.4373
43.3307
38.4742
41.4335
42.2429
41.8907
42.2704
41.5282
36.9956
42.5999
39.0766
39.7036
42.9590
40.6491
41.2526
41.9084
41.1148
40.7416
41.3317
40.3130
40.9367
39.8503
40.5433
41.5997
42.3217
42.2178
41.0083
42.5248
40.8215
41.3118
41.3531
40.1011
41.4942
42.1797
40.9058
41.0197
41.0921
40.2982
41.8855
40.5896
42.1451
38.3107
41.6737
42.1174
40.8063
41.0939
36.0127
41.9912
41.5657
41.4792
40.1233
40.4152
38.6495
39.8176
43.2767
39.9858
40.7679
40.4876
40.9785
40.6876
41.8486
40.3147
40.7129
40.5833
40.4394
38.8634
41.0302
37.8723
42.6114
39.7590
42.5433
41.5482
42.4208
41.2821
40.6315
39.4133
40.7511
39.1384
42.8016
39.5274
41.3254
40.2895
42.6500
40.9501
37.0823
42.0462
41.1568
40.4050
41.6268
42.7103
41.7961
40.5317
38.6744
41.7433
36.8613
37.4710
41.0281
42.1048
40.8938
39.6431
41.0065
41.4184
43.3830
40.9330
40.8579
40.4236
40.6161
37.9935
41.6833
40.1547
42.9384
41.7089
41.4638
38.6498
36.6553
40.1264
41.3061
41.5827
42.2397
43.5453
40.4081
40.9650
40.4960
41.9342
41.9746
41.3936
39.7270
38.9172
42.8550
41.6162
37.6142
40.9673
41.0852
38.7416
40.5551
42.0030
41.4375
39.8144
41.3396
39.8529
40.4444
40.4751
38.2596
41.9190
40.8871
43.2964
41.4931
39.8876
42.5687
41.4560
42.3062
41.9592
42.5073
43.1497
40.6333
42.1792
41.0008
41.3931
40.2530
40.7571
40.9232
38.1219
41.7153
41.0516
40.5079
41.9445
40.8061
40.4070
39.7413
39.2851
40.1274
41.0864
42.3808
41.4153
40.7145
43.3955
41.6313
41.5541
41.7503
41.8784
42.3917
40.4361
41.2550
42.0002
40.3969
37.6601
38.0375
37.3883
37.1553
40.4694
40.0576
40.4092
42.0903
40.1061
36.4605
42.0537
41.3569
41.6808
42.1313
41.4463
37.6098
41.9238
40.5647
38.8959
42.1026
39.3510
42.2720
40.5115
40.7903
41.8819
41.8103
39.2448
41.5749
38.6463
39.5684
42.7959
36.8146
41.5037
40.3681
39.7263
41.3740
40.9607
42.0347
37.3732
42.3557
39.9426
41.5481
41.0970
42.3321
40.4379
41.4118
39.4264
41.4300
41.8834
40.2198
41.7052
40.0608
39.3752
37.9296
41.0268
40.5919
40.9781
40.5061
37.8422
40.3836
42.5175
42.1705
41.3539
42.0835
41.0475
39.1957
40.4643
42.3704
40.0474
40.1118
43.2518
39.8975
41.9750
41.9208
37.1814
40.4812
41.1710
42.2370
40.4225
42.1115
40.6584
41.1022
42.0671
43.5486
43.6100
42.7296
41.3331
42.4413
40.9871
41.0398
40.5463
41.5520
36.6055
41.2506
38.7006
38.9740
38.9176
39.8180
41.6472
40.5910
42.6185
36.8732
41.1105
40.6900
40.1946
39.0532
36.3428
42.0854
39.0767
36.7508
39.6670
42.1153
39.2440
41.9537
40.4117
40.3729
40.0524
38.0920
38.2138
42.7272
41.0641
40.3286
42.6351
41.1108
42.2567
37.6087
43.1583
38.2827
40.1763
42.0183
40.4654
41.1482
42.3233
38.5002
40.7163
42.1405
38.3666
40.3513
38.5779
41.9136
37.3383
41.0389
43.3603
39.3363
40.5858
40.4196
42.0327
41.9447
40.1170
42.2063
40.0534
42.3613
40.6456
41.1174
42.0976
42.5136
40.3158
39.3155
42.8458
41.0331
42.2930
40.3441
41.0777
41.5971
38.9543
38.2624
40.6300
40.2739
36.5233
42.5870
41.2865
40.0202
43.5101
42.6833
41.9888
41.7990
40.9432
39.2448
37.5506
42.0379
37.5881
42.5349
41.7263
40.7794
41.6020
41.4169
40.1325
40.9321
39.4584
40.0849
42.3313
43.2833
42.4613
39.1691
42.7799
42.2600
41.0254
40.4684
41.8365
41.9401
41.1656
40.5427
40.1154
40.4215
43.3081
40.3485
42.1076
41.2058
41.7845
40.3805
38.1520
41.9193
40.1534
41.6779
43.2000
42.5000
42.2976
40.9060
42.4461
40.5066
40.1082
40.9998
39.1512
39.5637
42.3913
42.4712
41.1362
40.4944
40.9635
40.3278
41.4759
39.3256
36.1928
40.2480
40.5845
41.5907
41.9874
42.1270
37.2832
40.5422
37.1586
42.0519
40.6987
43.5558
36.4677
40.2600
40.0616
40.9219
42.3550
42.1622
38.9362
43.4667
41.9352
42.3275
36.9813
40.5355
40.8261
40.6770
40.4696
42.7738
40.1355
41.6356
40.2235
38.1875
42.9297
42.7215
40.6168
42.1184
40.3994
38.9630
41.8251
40.4453
40.2038
41.4696
36.2533
43.5000
43.1500
43.5500
37.5873
41.7317
38.2017
43.4137
41.3180
41.0006
41.5224
40.3240
41.0147
43.2992
40.8008
41.9861
40.8674
40.2600
39.4049
37.5183
41.9359
42.1959
37.4878
39.2691
42.3893
41.2284
37.6746
40.3691
39.3084
40.2390
40.5159
38.1911
42.3098
37.3826
42.1107
41.6543
40.4843
41.0916
40.7636
40.7179
38.3768
42.9718
40.9104
40.1379
40.1731
41.1696
38.4050
39.0121
40.5104
40.6067
37.4618
39.3280
39.7717
41.9663
42.4542
42.0735
38.2377
43.2512
42.3948
40.6117
40.6322
38.8150
42.5624
40.5139
40.7446
37.3368
40.1383
41.9944
40.4360
39.3037
37.4009
41.0127
39.2569
37.3584
42.2559
37.4387
40.5058
41.7117
40.4653
36.8514
41.6130
40.5364
39.1765
37.3740
42.6616
39.3817
41.5231
42.0613
40.2376
40.8444
39.9793
37.2851
37.3864
37.5390
40.4925
40.4832
38.4481
37.4087
37.3226
43.4466
42.5002
40.5850
40.5761
40.4643
37.2675
42.4589
40.5231
37.3445
42.1286
39.2062
38.9157
43.5332
38.5551
43.3886
37.3710
41.7672
39.3463
40.7451
40.4462
42.5390
42.0430
41.2675
37.4160
37.3871
36.9195
41.8968
41.6810
38.0846
37.8735
38.2939
41.9800
39.3101
40.1119
40.0305
36.2768
40.5663
41.0139
41.0139
42.3278
40.6158
39.5120
43.5437
43.1500
38.8370
41.4721
38.6639
40.6568
38.8605
42.3825
41.7002
43.2796
40.4891
40.9672
37.4182
43.4900
41.3669
41.0377
37.3090
39.2540
40.5356
42.4170
41.5757
39.2754
37.3800
41.0771
41.9989
38.7917
40.7823
40.5657
40.9009
40.9799
41.5488
38.6922
42.3243
41.4397
36.6866
41.6362
39.8305
41.4895
37.3401
40.7098
37.3957
42.0863
43.5610
39.2270
41.2302
42.9528
36.4192
41.9391
37.9506
37.4187
42.4974
37.5255
37.3699
39.1856
42.6349
37.1336
41.0046
42.1237
40.1938
38.3572
41.6719
37.4270
39.3471
41.2526
37.6254
41.7346
40.3264
36.8695
37.7256
41.8153
41.4847
41.5377
41.4679
40.7413
40.5662
41.0756
40.6265
38.4834
41.1626
39.2565
40.1902
38.9480
40.6980
42.0819
42.1830
42.8489
36.5291
41.3313
41.8988
36.4657
38.8631
38.5709
37.3534
41.3899
37.3858
40.2682
41.4397
38.2983
40.8875
39.6381
40.0492
38.1551
38.8181
43.2825
41.2701
39.3664
38.9118
41.0319
40.1763
40.4657
40.2372
41.1856
42.0066
36.5970
39.1825
37.9065
39.8623
42.3667
40.0096
38.5524
38.7871
40.6635
42.4445
40.4071
40.0820
39.3826
37.3052
40.8574
43.1000
41.8055
40.2946
40.8020
38.9516
43.4098
40.9627
39.9734
41.4167
37.5235
41.2119
40.5046
38.0868
40.2673
38.8489
42.0737
40.6016
39.4376
40.2460
37.3560
42.7291
41.7418
39.7133
41.9410
41.0626
41.1742
40.4401
41.0968
39.0017
40.3235
40.7745
39.2345
36.5297
42.1490
37.3017
42.4106
39.9210
40.8160
37.2463
40.8918
38.2466
37.6916
40.6424
37.9722
38.3000
40.6710
39.2890
42.6436
42.9382
42.5947
41.1400
37.3685
39.8156
42.0236
39.0459
40.1497
40.3035
41.0066
37.3859
40.7057
38.1071
39.0226
42.1282
38.5623
39.1539
37.8338
41.2297
40.1916
38.9159
41.6997
41.1118
40.0885
39.8997
41.7785
36.7788
40.6240
40.5006
39.7081
36.6170
40.8017
40.5214
41.0563
39.6287
41.0056
39.4762
37.2927
41.8688
41.1583
42.0535
38.7897
38.4490
41.2329
38.8900
37.4103
37.3616
39.7892
42.1166
40.0188
42.7104
41.3187
38.3977
40.7052
37.4210
38.6898
40.2017
40.0940
40.9124
38.3434
39.8240
40.8674
41.0878
40.5025
43.3351
40.1491
42.0218
38.4258
42.6157
39.5616
40.2481
38.0260
38.0869
40.1402
37.3877
40.9780
42.8766
41.7450
42.2612
36.7408
39.1481
41.0089
38.9423
41.9926
40.4487
41.8686
41.1228
37.8382
38.5286
41.0612
40.5184
38.8529
40.1011
40.2127
39.8956
42.5800
40.8761
41.2694
40.3227
41.7732
38.3359
38.2650
39.8116
38.9212
37.3973
38.3965
37.8921
40.3040
38.6471
41.1534
42.8202
42.0513
40.9596
40.4524
41.7472
41.0174
41.1092
39.0628
39.4462
37.8959
41.0655
40.5151
38.6129
42.7006
37.6455
37.2625
41.1749
42.5383
42.6179
38.4535
40.5972
40.4585
41.2404
42.0549
38.0145
38.1210
40.9074
40.0612
41.0301
42.0843
37.3362
43.5439
38.9037
38.3271
38.7263
38.0681
39.9836
40.2378
40.4143
42.3403
40.1860
39.7098
43.1771
37.6951
37.3878
41.1304
38.1479
37.8942
39.9180
42.6239
38.5120
42.9401
37.7678
40.8738
40.2245
40.4876
39.4863
40.9747
41.2045
38.0084
38.3785
42.5463
37.6939
42.2710
42.0836
41.0621
40.2388
41.0925
37.3078
40.0090
42.7312
37.3895
40.3851
40.8511
40.0558
43.2667
38.9100
41.2183
37.8801
37.9030
40.8792
38.5215
38.8943
42.1350
37.9355
42.7680
38.8475
40.1794
41.1628
39.1776
38.6124
37.6933
42.6680
39.8026
42.0547
40.6684
42.8768
39.9658
41.0206
40.3381
42.6201
40.7004
39.9183
40.5959
38.0637
39.6230
38.1648
42.1222
41.1305
38.5460
42.7260
40.0675
37.6789
37.9033
42.1042
41.0725
37.8744
42.5106
39.9157
40.3207
42.5808
38.7250
40.9988
40.4288
37.3601
37.3219
40.1545
37.9504
38.4908
42.6405
41.1623
40.5113
38.1411
39.1100
39.4241
40.4845
38.0722
42.0270
38.8899
42.0739
37.8951
40.7250
40.6310
43.4480
40.8502
37.9276
42.3985
38.7185
40.2028
40.5635
40.9355
41.1030
40.6739
40.1719
43.5401
37.8640
42.5999
42.4916
40.2875
42.8169
37.9167
37.3039
42.5547
40.7365
42.0307
38.0769
37.9634
40.4475
40.8751
38.5866
40.9088
43.5153
41.0476
37.5734
40.3821
38.9231
40.6508
42.5799
40.8264
42.4903
39.8223
38.3194
38.8765
39.6121
40.1865
38.5099
37.8718
38.3653
40.1136
37.4259
40.7092
40.8354
40.2136
38.6190
40.9862
40.9172
38.3796
42.6077
40.5930
42.5804
40.4119
39.7169
43.4296
40.2964
39.6600
37.9094
38.7161
38.6133
42.4144
40.4721
37.3832
37.2747
37.3142
40.2155
39.1324
38.5144
42.5192
39.8760
43.3314
43.0333
40.9879
38.1352
43.5570
43.2185
43.2580
40.2251
37.6548
42.3786
42.6495
38.0000
39.7192
43.1334
37.2282
41.9688
42.1673
39.4633
42.0348
37.2316
38.2761
42.7065
39.7851
37.2647
37.7352
43.5698
42.6641
42.4496
37.2571
37.9443
38.3302
43.2644
37.1825
37.3750
38.8786
42.5464
38.4459
42.6112
38.6724
42.4154
43.3116
42.0860
39.2194
42.9649
39.4788
38.5271
43.2592
42.7262
37.2711
37.6276
42.2506
43.5281
43.5374
42.0096
43.4648
39.5271
42.4152
42.8698
43.1238
38.5167
37.7265
38.6816
37.4460
42.8093
43.3618
42.1792
37.5494
38.2426
42.3925
42.3826
39.3605
42.0612
43.4090
37.2831
42.3475
42.8534
38.3760
39.2067
42.1783
37.7966
43.1906
43.3480
43.4483
39.6031
42.5888
37.2543
37.9678
43.5333
42.3106
43.0017
42.7567
39.6058
37.6114
39.4114
42.8929
42.3393
43.3597
43.5664
42.3887
37.5069
42.4760
37.5005
38.5125
41.9743
43.2131
42.4461
43.4711
42.3706
41.9075
37.1994
42.7305
43.0310
42.6486
43.1527
37.3037
37.7406
42.8621
37.3884
43.3006
43.4281
43.6559
42.2603
42.5570
43.2086
39.6380
37.2147
42.3764
43.5282
42.7777
42.9383
41.9929
41.9405
43.6821
41.9472
43.5667
42.0616
37.4732
41.8854
42.6262
43.3667
39.6496
42.2769
42.5185
43.6856
42.8396
43.0121
43.2360
42.3828
42.4611
43.6614
41.9902
42.7667
42.5167
42.0863
42.1606
43.1021
42.8078
42.0246
43.1209
42.3196
43.5568
42.2722
42.6471
43.7334
42.2416
43.1453
43.2954
43.7692
42.3246
42.8878
41.9498
43.4679
42.0637
42.4131
42.2042
42.2775
41.9973
42.1131
42.7162
42.6087
43.0289
42.0871
42.4398
42.3464
42.1901
43.3555
42.2409
42.0827
42.5167
42.7932
42.4014
42.0179
43.4458
43.6863
42.3400
42.8742
42.2973
43.7327
42.2992
42.7823
42.4645
41.9442
43.1817
42.2228
42.1520
43.5361
42.6495
42.1000
42.4099
42.3165
42.1522
42.0302
42.4728
41.9543
42.9679
43.5505
43.6238
42.4982
42.4406
42.3703
42.9139
43.2333
42.7623
42.1878
42.4114
43.0420
41.9989
42.5706
42.8500
43.3249
43.5625
43.6614
43.2847
41.8936
42.2488
42.3731
42.4298
42.3431
43.0667
42.1390
42.1659
42.5235
42.6614
42.2833
41.9333
42.3693
43.0080
43.6000
42.2503
42.1686
42.4334
42.2876
42.3348
43.1244
42.1333
43.4026
43.3446
43.5013
42.9272
43.2503
42.3209
43.4172
43.4752
42.2077
42.7940
43.2868
43.5371
43.2153
43.1737
43.3475
43.2811
42.2576
43.4884
42.1537
43.3167
43.1159
43.4263
42.6979
42.3763
43.4608
43.3509
42.4678
42.2130
43.0400
43.2167
42.1128
42.8671
43.3335
42.9846
42.1145
43.2942
42.5923
43.2297
42.2320
43.3158
42.5320
43.3709
43.0767
42.0882
42.8170
42.9944
42.3406
42.2343
42.2270
42.4667
42.7823
43.1602
42.6896
42.0820
42.1764
42.3892
43.3045
42.2938
43.0167
42.5422
42.8805
42.1020
43.0880
42.5619
42.6326
42.3330
43.2523
42.8023
42.2838
42.1604
42.9000
43.0225
42.6943
42.6055
42.0462
42.3472
42.5250
42.4336
42.7167
42.1955
42.7390
42.5833
42.8670
43.2122
42.3915
42.5167
42.7618
42.2314
42.7175
42.4445
42.6667
42.9095
41.9874
42.2855
42.5147
43.1905
42.1108
42.5939
42.2647
42.4500
42.3198
42.6929
42.3995
42.1452
43.3242
42.5138
43.0477
42.6520
42.5622
41.9354
42.8019
42.7590
42.1181
42.4937
41.9025
42.5641
42.0031
42.7853
42.6500
43.2427
43.0998
42.8513
42.6033
43.2192
42.9389
43.2198
42.7247
42.5763
43.1103
42.7743
42.8211
43.0093
43.1286
42.9554
42.9446
43.1047
42.9051
