7892
29125
6997
9257
5292
1523
4669
29160
11911
12215
7411
8687
2860
4258
1015
40548
226
20197
326
22365
5209
1325
573
2799
18270
1451
1847
10140
18161
193
12664
11598
19071
853
578
2886
872
290
1076
173
11537
380
664
1149
687
2908
2029
2150
466
855
12111
10637
194
239
160
169
10376
825
1737
420
322
7144
5270
1162
233
10385
639
1962
678
196
394
21977
160
217
780
5428
9601
17260
12766
598
1280
3520
243
1805
419
2265
5017
404
174
336
537
206
221
1272
782
180
195
1060
2827
882
513
932
1275
443
265
1134
2602
112
768
43330
238
140
395
1072
649
335
1078
517
5416
5948
250
217
486
665
319
593
238
29308
1449
1179
946
889
1732
372
326
3515
243
3105
36078
7764
5050
356
786
4513
9537
1199
3174
280
5704
1128
241
3233
678
39363
7251
238
812
2852
301
1663
536
423
152
4468
96188
236
3515
2176
682
2295
6710
1984
479
253
98
462
29985
40047
5327
213
1251
7430
5992
2283
692
18327
714
3167
729
33348
8584
4380
410
1095
5127
18472
758
2956
4450
605
6871
152
15345
3251
2070
13942
163
6026
2361
26203
373
252
1513
11739
1276
216
141
18627
713
401270
755
545
445
344
5569
3994
760
1995
2186
5102
809
2304
3309
971
327
811
13548
4808
1610
1267
3784
354
3779
14627
1043
8190
1756
1867
2799
130
6595
605
2787
5763
5627
2465
1397
51774
1192
16860
33524
10181
389
325
390
1731
2780
8823
121722
465
636
1321
2458
11685
158
190
443
4937
360
9035
5444
11633
319
4408
1100
19482
4021
336
101
2293
6964
717
2542
8672
27399
640
16596
2742
584
9944
10214
302
2955
6087
22288
2205
755
6015
478
173
252
221
173
2283
17660
2389
9397
4654
60658
5964
14991
3556
20647
2391
16023
2231
3370
10270
264
1057
1996
7590
308
15509
13808
7949
163
39844
850
3743
2464
8955
219547
4922
6290
284
14143
3447
2475
255
8234
3232
17632
7955
6802
8401
7209
190
33761
2257
52484
159
906
119717
1001
925
13820
11057
1052
33453
14070
25048
570
957
351
1621537
1976
98
3505
16885
5702
199
180
7676
37088
645
569
628
58747
125
7870
101
31144
2375
234
214
13679
390
206493
408
279
311
257038
5710
1217
63418
232
46862
18462
23002
79253
15811
113
86519
77
585
2402
32030
42919
82428
1086
260
72987
2722
8616
29
641
63489
198
24067
7744
683
160
3900
210941
27701
45994
11134
899
3779
614
11977
1589
162
163
62080
5430
238
26401
1312
2289
3057
134
61
8393
1864
5433
7322
75
13843
14066
520
9022
26681
171
6271
451
5872
713
903
5947
11521
1719
7129
273
23301
1735
159
5052
479
378
6243
1007
4403
3512
7961
7202
3714
21855
227
3680
8564
2362
6801
1334
201
1740
1590
450
17160
3029
1918
6875
1021
48
237
4040
110
2206
2419
76558
289
264
3340
8168
27668
10779
3099
308
93
34
12237
1759
1904
2231
1690
186
28353
260
154
3082
2612
112
932
77
6438
14324
232
348
487
658
1372
65890
3462
4104
389
1976
1041
1427
496
1320
2376
508
506
38425
661
888
271
426
5187
5525
2286
13711
869
1399
2167
6989
1112
3726
219
12649
3334
266
12279
138
257
152
832
38918
2360
3142
197
50
9834
5441
1661
2222
1483
278
1084
93
2945
2005
187
171
300
202
24265
2463
155
814
2388
2185
3240
827
308
538
119
35821
31314
130
115
1160
9233
318
530
3630
5541
201
391
213
2275
3397
172
371
196
211
13063
832
6186
281
1431
9552
240
3219
657
195
92
48684
1089
203
1126
160
192
2852
532
1367
214
508
539
954
15272
136
147
3167
177
501
497
4685
563
366
620
1587
906
404
1260
222
307
445
215
666
284
297
799
958
4079
191
179
297
634
1976
90
209
457
108
21852
384
71
977
418
22171
2309
124
6145
252
278
1522
178
1116
9328
633
3991
133
193
379
341
75
1154
234
25092
95
1630
227
221
1715
138
140323
143
43
85
119
420
108
539
160
298
109
380
6373
374
2403
1889
3285
573
178
510
159
2803
334
370
722
279
685
494
248
5100
7305
219
438
20866
26649
1025
5376
16539
226
656
372
2382
965
278
95
1357
107118
434
455
5608
2686
3982
171
183
405
251
364
1351
59
142
413
31720
697
6436
857
1077
506
3869
1163
663
898
261
1829
433
614
119
113
418
108
2115
1239
589
892
189
4940
2219
46
429
811
1047
1741
676
1131
123
1851
1296
607
410
739
3237
546
244
1083
11847
146
1170
401
727
144
215
112
200
836
559
145
1693
342
240
696
307
179
2480
257
168
134
1284
1015
1740
2836
397
6228
14319
309
183
1440
133
2099
496
481
182
821
991
843
6058
147
846
173
480
659
371
153
756
5754
3417
2255
2864
2481
1769
165
16779
1090
7592
649
5710
2447
114
415
266
504
354
467
1015
1536
575
143
206
117
330
117
111
854
2570
476
104
740
336
1391
566
1815
572
345
148
1273
174
237
174
320
985
238
715
3528
63
3235
68
979
3118
11751
302
1517
685
1356
296
2677
155
1219
203
398
3555
251
96
765
413
1613
3179
602
172
775
5695
353
469
1250
1489
1066
358
678
135919
845
318
239
394
50
4063
99
3911
1872
955
309
814
111
2912
300
15511
296
483
3165
486
363
21240
121
3669
3155
1608
887
175
432
6058
533
114
4098
181
1133
7776
327
118
2200
196
35143
449
788
158
1130
390
2052
959
987
226
8223
984
787
3955
1300
42
1716
1348
10570
1199
1174
28273
1128
121
841
52
101
368
884
150
861
2398
119
7236
3236
6506
793
165
397
26655
3743
1518
1864
724
205
7894
613
296
400
382
246
232
1182
698
663
108
593
2198
1042
399
984
98
226
546
14302
153
3665
154
1370
422
527
479
1305
2163
194
2492
873
1695
9444
428
6179
626
730
175
681
214
141
1729
465
488
61
1034
293
1083
654
882
866
28
237
7926
506
1187
508
629
1528
291
126
6115
17042
782
987
1131
621
1380
2187
838
1225
135
153
906
370
424
2285
294
266
135
2179
1205
5399
2027
172
11188
211
239
16924
2052
1186
31593
158
44464
588
14620
602
329
136
6291
554
853
501
698
305
1035
236
124
18098
199
342
157
419
259
262
13221
90
3128
29666
18
636
532
7602
250
100
1175
417
1447
321
211
859
160
3288
6546
1057
1106
450
1997
59
99
168
512
3235
198
1039
149
136
1275
203
395
734
2951
667
180005
741
402
548
136
9728
233
102
1507
23780
820
2017
697
292
121
145
24963
2616
175
444
1081
5025
639
105
286
185
377
151
1005
612
262
34565
391
107
435
2822
108
51205
21011
792
194
589
324
113
433
4284
11133
330
8056
28419
547
290
17874
4245
110
71034
16392
987
216
224
90
2878
1340
2893
2333
304
6014
828
1048
358
693
234
947
431
1492
3068
282
4455
13490
156
4736
146
637
1510
278
1424
574
508
2395
35
3397
80020
161
192
1783
2872
407
236
1642
2184
1028
713
5902
231
51
527
490
110
962
169
631
4369
6137
11150
358
6186
238
498
2221
1887
5569
664
5926
1474
115
187
32924
33797
3899
584
670
1436
73
233
44
149
77
451
192
1132
24121
1335
637
1969
2521
870
254
25691
1468
153
3535
319
18195
106
299
860
2137
1083
652
68
1373
66070
192
125
635
1585
158
832
582
301
126
180
2265
123
429
412
63
100
19018
1477
8670
1683
70
915
883
973
222
749
3700
28908
1262
997
129
400
96
502
824
347
337
142
3880
542
2983
1675
1163
7340
2215
4178
1460
654
1313
8067
206
332
1829
1480
15210
1113
78
123
194
47
654
586
138
5623
141
163
132
189
190
844
630
3849
1352
10395
22405
111
1115
646
129
538
7135
3325
75
211
588
232
296
6671
2588
124
305
323
186
1086
1064
201
3358
109
10378
9351
112
558
2038
2492
3123
336
118
192
134
234
814208
1323
109
99
3698
486
55
103
4913
124
2433
87
9913
993
3590
3032
20853
928
839
21900
440
92
449
91
15313
26511
110
8968
109
2513
228
27035
758
52059
460
378
252
6640
567
8300
15443
18979
1949
38433
1669
495
256
13240
3148
2561
429
23519
103
43756
742
182
122
508
5680
260
273
534
12204
30691
1525
3074
257
598
318
21939
11053
28308
261
62
11467
111
131
555
8893
44690
64023
9103
22510
328
8403
1024
6469
495
25499
625
21735
268
312
341
1900
440
2483
30508
267
1081
20740
228
632
30392
29914
1226
19786
228
267
78543
706
13226
854
2791
113
530
90
61552
716
4577
193
6163
1018
37
334757
199
61
9244
447
374
474
136
60
618
2670
154
1282
1824
1296
201
2108
246
5746
572
51
787
432
11378
7516
1200
113
2195
4865
3920
7748
187
29386
6449
619
11175
448
271
1665
617
237
15527
53126
625
2268
191
711
16552
477
372
1479
2597
3968
48
1035
349
1075
832
703
2449
13396
8692
29
265
431
20431
203
31760
413
145
341
1162
1543
1444
1771
2109
1235
20468
712
2729
1433
24113
148
1107
2811
1672
328
379
95
393
180
2224
330
2552
457
387
1719
13941
102
1260
437
71
11011
5230
4679
950
95
1498
202
1754
22706
6421
106
4541
56
2329
37735
1299
2804
22
137
8767
144
376
231
1286
267
662
249
4596
4810
114
2774
117
64
777
1390
16329
780
147
7240
297
2807
125
190
132
735
10327
7771
140
486
1439
758
101792
8270
282
3329
245
5902
1125
3463
154
3238
42
184
384
143
230112
212
2053
384
818
427
492
67
2585
732
6499
207
85
14167
12030
39
513
87
42
20510
2831
272
134
7366
3976
674
738
2298
4949
4285
954
208
234
4734
1756
5033
42
165
112
1671
58
80
1942
119
1706
27135
3723
1811
29
3009
7427
20180
317
1209
502
2868
867
34523
104
424
1392
1331
1024
153
218
583
7427
8135
55168
10062
23738
19147
289
22050
166
4346
66
1448
434
99
8745
28609
452
137
152
89
80
2199
1003
1231
228
243
684
316
1155
76
80
10054
123
4255
3894
497
13060
561
125
718
31432
128
80
5467
1806
3388
96
15619
4135
612
129
47
160
401
133
523
31
35222
124
710
2096
11745
557
120
674317
17924
17737
144
2224
123
102
6826
37
2362
779
195
57
467
6744
2576
405
311
7335
1596
44
1427
97
280
491
176
1214
569
115
7687
861
2862
39
200
91
909
192
91
86164
28
420
40
31495
46
258
62
169
2777
1876
125
611
199
448
120
20
100
95
168
211996
10330
4444
17677
305
290
100
1782
101
10933
1551
278
235
244
10
48
38
137
805
107
80
377
38
49
110
540
79
723
967
588
1236
167
7689
122
15
121
6589
18
176
108
256
15319
727
141
46
37
5444
947
25
1523
34
118
151
244
902
816
551
1012
55
525
630
30
237
1388
31
614
33
25
54
99
47
95
25727
347
154
99
21278
65
142
3423
35396
63
80
191
35025
4928
25
7195
9583
39
436870
801
435
67
216
117
17331
157
97
37
37
49
199
443
427
45
60
549
241
558
14876
896
71
1351
1192
1131
382
352
171
51
66
226
290
51
12420
254
28
140
41
113
64065
316
770
46
108
3667
690
41
41084
3665
219
404
127
2409
153
1217
77
423
21
148
1101
21062
100
44
8978
112
111
98
1513
159
1025
100
6996
7710
444
290
235
60
182
638
50
59
71
968
896
56
10174
1666
113
353
333
114
335
264
800
54
1048
4691
5210
203
1286
3112
202
88
18202
143
392
1050
4776
169
418
365
231
171
1397
643
321
95
1185
35221
3026
30
25685
815
273
663
2270
74
371
78
2305
109
765
791
939
135
774
293
566
310
155
66
143
584
3072
250
361
442
1231
2210
4534
33
2744
410
1497
36
911
591
733
1374
214
1519
1039
2464
260
117
7911
6370
84
560
254
1369
315
204
70
74
639
870
1439
12991
185
152
238
3469
27
54
55
89
126
2331
54
31
3731
35200
180
3404
38
341
19860
69
29
1361
182
2716
234
26
23
874
685
109
2404
1097
2617
1263
85
777
235
170
394
278
138
228
11
413
1223
730
127
40
8127
249
308
93
83
102
153
4724
969
1360
67
126
154
153
80
159
206
2624
16941
36
279
34
320
471
73
479
2349
85
222
285
137
510
324
84
29211
218
407
368
187
4034
468
478
101
61
153
185
3638
240
129
71
204
272
1277
477
810
84
151
1483
109
5030
161
2105
7139
282
318
63
218
411
930
215
127
780
330
111
68
2071
10787
956
130
101
741
1420
839
342
460
199
443
45
805
221
113
90
68
1066
92
910
34533
251
306
369
483
177
5858
126
406
142
2420
1897
4078
2742
265
90
224
82
169
104
34717
189
415
10642
68
174
156
1100
163
18595
311
95
119
113
1661
342
556
3381
745
156
1156
134
645
298
648
6806
2569
140
107
124
823
200
338
10500
2599
554
629
158
511
3651
119
947
631
198491
21933
318
163
562
2717
391
3650
935
3672
230
1330
99
195
433
1647
436
66
659
12493
385
56
257
217
11394
9020
129
3110
1953
1663
62
546
55
202
4034
95
3691
125
200
102
32
22110
149
425
224
213
4235
13345
1168
4344
623
8029
891
1576
569
2052
155
58
125
91906
1628
629
51
53
10759
3320
57
30976
2808
829
469
144
497
191
48
245
140
54
526
537
252
50
1926
556
220
53
3803
82
30
110
1422
11211
641
249
318
84
982
75
22
198
185
2895
322
2834
114
116
315
253
8182
169
9883
4685
3020
180
131
33
194
176
117
3394
1746
48
149
301
284
106
123
851
81
119
158
446
101
8031
979
585
60951
341
361
133
16458
583
223
585
300
2113
2641
98
1668
165
6056
203
16235
242
222
4938
2379
7636
859
18
44
13947
37
116
117
2841
159
8626
169
67
110
19
2225
957
73
481
107
124
687
510
1062
144
121
93
387
12
38
158
868
2121
354
3805
53
7581
54
44
82
9894
2222
13
275
169716
952
389
52
780
26415
13985
16060
57
125
123
112
285
87
21
13025
3671
358
2812
88
115
8455
475
1386
1225
134
3664
3626
7964
287
6003
312
136
806
38767
29
457
173
27
166
1800
6167
75
6755
172
2920
457
38
3403
3293
114
15990
59
148
7892
41
6201
67
1023
3752
198
2996
17645
64
161
100
4678
277
42
2923
1445
969
2030
56
21
39
24787
102
717
56
841
56
20
1176
1905
19289
34
411
1033
117
347
727
1014
2015
185357
3749
176
6135
1069
266
573
2418
16
74
1548
119
238
116
24
248
1291
51
582
4359
368
724
706
121
138
58
57
95
1078
17782
14679
508
280
158
574
327
1205
426
116
48
67
109
600
38
66
134
710
154
14238
641
194
41
3347
1667
361
49
3066
1060
89
61
95
194
3962
100
2037
5919
401
187
292
386
5783
1267
45
14
1407
221
1294
2460
355
10
1751
3982
103
93
1515
1851
827
18044
9
2797
7150
4527
357
1131
814
79
4939
56
82
990
1286
68
21
191
402
345
346
180
559
790
79
1135
463
64
661
2259
1733
1478
18
33
146
14457
618
1122
338
80
74
71
249
75
140
316
152
13
357
60
197
106
183
1266
419
16
754
401
106
18
465
2854
350
5026
235
87
110
283
1052
132
73
164
55866
704
312
59
38
53
811
120
102
103
293
11178
1958
27
2453
32
1525
1494
161
22
364
1584
84
34
55
657
39
101
153
109
90
381
863
71
384
199
1464
1671
649
7623
239
510
966
37
22627
116
628
47
387
93
9732
228
79
815
78
167
1278
87
5354
82
383
131
559
1277
4016
41
1737
1195
372
298
180
2049
690
3814
169
209
169
1958
968
55
1015
2628
41
13557
244
30
26516
343
188
1021
62
178
277
507
35
401
24
1157
33
408
872
98
110
350
27
85
400
626
2264
308
389
472
26
669
1091
88
534
202
286
451
81
352
196
475
1391
110
212
28
306
36
1323
9285
112
295
3479
2378
534
224
1854
14375
380
141
106
159
159
202
73
154
1782
43
905
235
102
243
589
92
75
296
12
45
49
474
14
99
1780
446
63
165
69
1492
1191
176
31
632
235
43
2898
123
130
6699
163
127
1538
56
17
168
6168
134
38
53
23
46
40
11266
327
10104
6912
72
94
1138
42
95
459
3397
1775
334
1644
305
53
1781
116
29
1462
149
134
32
90
10
8715
210
114
79
14
211
473
31
185
354
41
201
70
1650
5408
199
95
265
414
1297
40
1736
95
354
45
203
1118
17
46
36
537
3812
114
66
1907
711
547
171
19
2168
38
28
4979
177
993
529
4801
108
279
55
98
22
3627
80
27
451
371
79
81
33
14
35
300
96
52
261
29
52
24
399
10896
335
270
3990
103
242
14707
60
11220
73
161
125
1507
116
23
6414
13
8921
212
277
319
7093
152
718
276
4860
872
56
54
804
63
300
2517
230
14937
3150
56
3985
161
2668
3690
450
39
92
710
276
576
69
469
88
152107
280
481
3940
151
54
65
7968
1389
39528
1309
401
188810
655
305
27419
3075
75
166
115
541
207
831
32
124
45
1333
3843
437
83
62
38
1071
1069
22064
26
875
102
1664
1948
3244
194
340
493
4947
102
575
141
433
16252
7477
6689
124
46
635
115
161
100
2385
408
677
2620
29
194
168
424
191
82
13
22
211
179
24
1924
4063
75
52
267
39
54
1178
485
1487
43
42
6006
444
196
1107
3069
8232
89
7227
143
130
662
541
369
201
3014
3758
396
1106
620
134
283
150
91
3238
683
2830
1499
4335
442
58
266
597
3779
173
135
2794
877
236
395
4766
2438
44
344
186
1510
231
1454
95
905
724
413
4888
1381
155
16
603
457
27
802
254
484
287
206
232
571
44
26642
318
7260
82
314
539
742
82665
536
30
25
1046
231
79
272
109
62
258
674
2075
164
209
173
107
534
28229
46
382
225
3837
616
693
186
474
375
921
436
441
367
362
68
2187
258
5044
611
22853
1643
1584
525
321
27
482
101
609
545
875
2054
76
412
1232
143
187
654
493
64
496
76
2070
318
108
104
235661
293
788
89
20
82
445
367
547
148
66
1001
1016
16244
333
319
7221
361
310
17
2025
8301
161
132
123
1473
903
43
2512
694
350
1746
85
141
118
1933
109
2417
656
288
103
924
2251
387
290
99
184
1649
23
922
424
291
25
684
189
16937
4955
91
513
69
122
56
173
629
1856
17842
34
8474
2638
1506
22
1261
34
776
2706
1432
1274
1330
26
133
178
397
1305
409
27
96
484
226
406
627
322
10
1150
140
84
1728
1003
113
86
542
489
182
2533
1131
36
551
2266
98
491
3158
453
23359
4238
2465
1504
423
751
48
16
911
383
102
184
167
305
126
217
1494
13163
151
1874
45
20
1341
58
182
59
266
92
678
650
2222
76
962
1510
2887
615
746
99
21
217
1318
2313
84227
474
78
191
159
79
31
482
70
71
28
41
167
207
50
1010
260
529
2465
332
371
48
46
2424
138
46
1087
922
25
164
2997
115
99
2390
323
27
29226
12261
95
16209
801
91
45
438
102
115
58
190
1054
86
99
24
65
56
991
19
81
438
1021
293
1593
246
277
3203
602
2873
3958
466
2225
1559
207
109
6307
1735
898
47
29
377
36
349
5307
328
69
42657
78
614
1919
357
160
58
275
29
38
12435
157
104
84
236
1796
5591
71
9171
63
63
249
2483
100
52
210
132
123
24
1028
4029
69
1082
1109
523
914
74
2409
324
1366
32
42
72
1026
909
1198
218
1196
1157
354860
3078
4536
1580
95
875
38
50
2077
46
392
1313
5400
5396
114
2290
57
86
127
62
69
93
24262
39264
8711
1201
244
15035
4302
233
71
394
6780
448
72
164
699
33
122
409
305
134
908
64
341
136
64
3338
1449
18314
551
125
87
567
159
728
101
920
156
122
108
361
198
107
1481
176
12359
55
282
98460
52
71
982
30079
433
2835
611
95
1472
129
1985
35
89
2219
1529
6588
306
1423
204
92
15
409
26
10089
4268
8133
76
154
20
214
939
32
15651
43
29476
84
140
1143
2297
4220
8714
1316
162
369
547
12
3783
80770
2077
5806
65
113
1174
177
1087
94
68
48105
38095
24373
80
68
92
323
720
128
1283
251
1594
46978
219
1107
12353
342
96
83
2053
341
450
601
1230
12736
50
489
226
290
106
148
416
87
201
1140
115
39
1333
237
2569
8520
204
38
301
156
36
366
76
1259
97
2351
11
2763
800
133
2340
5258
146
5916
95
1741
707
89
1243
821
161
5754
443
54
743
2677
190
40
47
150
79
726
59
45
108
1382
119
11294
9647
31
7391
701
116
733
31
29
24
837
616
58
6349
59
21
241
1098
50
130
2460
494
504
1904
136
1518
25
682
515
538
859
78
1428
41
188
2665
75
38
718
7216
44
6122
90
5574
15006
169
40
858
801
1818
398
38
3601
436
20395
592
107
125
8186
653
526
567
166
207
70
117
2504
1521
1153
93
2081
1109
715
37
798
2772
49
3460
83039
6257
3326
55
1118
207
200
2784
2012
826
113
1634
557
1314
247
140
4929
2172
2278
820
76
48
101
138
692
7270
60
209
106
94
478
1471
5252
402
6704
50
3314
378
4860
116
1197
30675
871
131
4206
1037
622
60
31670
297
101
196
176
60
87
1158
202
825
85
97
1910
143
53
2119
27
234
44
9131
16511
786
367
712
1211
59
6168
53
55
721
1313
152
212
10734
189
268
2139
32
123
200
391
375
54
559
43
72
199
41
842
49
625
32744
1005
94
1023
48
7451
638
2213
32
33
30
3926
1366
2101
2140
179
7225
532
61
1468
274
311
1821
113
784
8923
465
75
66
392
32
6050
85
2794
168
109
3062
4291
140
146
774
408
37
206
2545
5030
1014
192
685
285
801
7937
33
2707
35
2303
44
42
48
30
12419
70
816
10645
1255
4826
2037
1451
107
68
75
55
432
6417
1113
143
713
54
2858
12157
47
22
9123
970
358
41
154
40
554
2810
5561
7776
7
298
41
2949
43
204574
38
73
872
35649
2936
87
545
19186
1429
59
6445
286
5087
15
1193
1833
31147
27
51
202
8357
338
163
4368
1131
224
452
138
625
290
48
1741
34
2057
833
468
19
191
242
192
6781
97
3127
2074
69
12591
52
1256
4179
5308
35
66
319
3115
96
10031
5659
100
102
110
67
429
182
1055
39
1952
789
853
7262
64
28
51489
2967
287
1306
1039
3521
39
81
59
110
7826
51
42
11569
74
6231
8792
438
1948
69
81
65
67
2338
54
3801
71
2575
449
109
4682
31
77
1065
1228
107
200
16253
138
3035
67
1464
2497
2544
2448
118162
578
3897
65
3780
1052
1050
2083
335
3389
507
47
1650
41
491
6321
48
22488
11553
276
769
146
914
2664
20204
43
281
9468
338
61
34
3122
1262
1050
2376
353
2481
5818
3784
4938
66
208
1663
6282
2689
763
3847
2968
24
60279
87
68405
1084
1385
1824
659
237
639
148
2635
164
11404
226
136
7065
119
119
156
354
45
14329
125
3165
290
1366
442
40
40981
119
6501
4853
1032
1100
6967
122
85
375
91
981
58
2322
623
2129
865
255
400
128
198
150
1060
585
2811
2122
341
90280
2968
7264
44
18256
52
1162
4596
5401
57
3665
2083
4820
415
276
1652
200
263
11324
868
26
5693
111
1680
7392
49
116
220
17803
721
173
154
1053
12747
1420
1028
36
171
61
3241
2530
170
2060
55
143
2400
234325
202
525
1728
170
54055
279
4224
120
5206
10932
3273
11191
13119
5140
102
1243
1943
10972
182
942
79
15880
2493
11133
101
1420
18527
685
1093
21380
564
22132
198
891
1682
5200
329
61
103
745
110
281
75912
8440
10910
1015
663
205
84
6423
2094
1505
61338
31
2078
20815
31
739
624
1140
2801
215
198
152
495
109104
190
122
460
116
6298
12001
164
1406
3141
546
170
2023
443
165
47
17089
780
472
107
62
2117
975
1627
1081
12490
57
892
4408
6658
258
1304
205
1140
333
188
73
62750
1150
1434
233
3961
298
58
692
2936
32928
15399
643
590
397
741
131
27696
4061
5759
4445
75
38
146
43501
16231
185
16369
501
488
178966
8587
446
3255944
154
64
73
8672
60
53
280
2062
130
462
41064
254
1568
3136
378
15430
1812
118
2351
243
185
142
118
2632
203
7565
737
167164
512
59
1787
1529
523
64
3167
431
2467
114
941
680
1273
504
69
5252
3061
28
13515
183
149
158
1071
2836
254
126
186066
830
5434
43700
212
5947
147
467
5262
131
61
790
4778
115611
10554
109
2716
3631
18785
261
200
4471
81
4049
946
60
56
677
881
4395
8294
223
613
4268
98
100
116557
212
478
193
652
28
291
104
282
123
3385
6701
197836
413
55
105
176
2044
4544
1765
80
182700
9572
335
473
2857
536
82428
1803
169
37
2931
17360
5783
547
196
843
171
4198
257
252
722
561
1225
1507
427
117
136
273
382
588
18098
167967
33
358
520
3062
3093
213
3441
4499
2955
1788
109
96
2017
126
113
96
237
396
37
284
53
21264
104
3581
901
4605
8526
8756
56
9387
51
2387
107
4712
758
238
371
7244
206478
252
6479
592
194
68110
151
202
2843
400
9185
21811
5170
43414
97
1998
10440
1806
52
889
31404
1354
283
3417
37
13986
1109
2071
14627
722
116
109
182
3071
739
135
26475
3896
213
100
1146
3332
11279
3286
7580
57
382
740
3887
3485
361
73
236
4922
633
146
72
165
3435
178
6413
13835
3319
1466
2827
22783
118
63
74014
47
2495
3997
21781
381
155
2936
388
157
117
137
729
98
206
80
316
86
32
1099
112
1512
45
146
59
252
130
506
4732
3666
31
185
1922
115
193
16890
177
208
2121
244
20081
2208
14181
149
917
108
510
15087
2746
3136
94
248
24655
1865
89
11582
11265
700
3854
596
127
1705
2290
114
74
6656
521
918
381
60
6062
1886
5083
336
65
149
440
794
47
3727
2491
7857
190
287
4495
9522
366
705
113
1132
182
31820
16804
5725
30
1088
171
55027
1764
44
2173
6282
1564
77
21584
145
2710
4764
68
8232
153
99
8987
506
1370
6473
114
12797
214
82291
3766
1154
167
157
8234
283
129
356
699
970
54
5131
234
775
49
6219
3851
8229
1679
74
122
1207
1391
59
805
55947
9953
127
108
2314
1837
98
50
39111
7023
5822
76
74
5446
2810
4044
215
697
303
373
166
484
171
11045
986
66
2849
11610
214
271
5118
808
408
4537
871
613
2908
90
167
64
5875
1257
301
2323
614
153
11135
46
14800
3806
2522
347
310
141
153
48
8196
134
74190
1326
52
296
3269
460
3851
33
223
4021
2441
147
721
51842
168
2873
2576
296
1636
630
786
5592
407
37
128
56660
3520
101
348
606
124
2306
97
242
862
137
254
14979
858
210
116
87
626
891
10307
369
595
25
1994
2112
134
19
192
1828
780
17889
3811
48
21574
1681
4104
659
534
150
1424
3705
3061
723
1216
534
2496
968
4047
860
460
504
7595
1396
63
306
100
983
502
4817
90
543
6820
210
1488
927
534
234
928
574
6868
210
176
3611
61
4599
1631
738
350
84
23513
630
337
1376
183
1379
81
158
2457
993
237
2087
1009
10967
2061
142
1584
501
4008
201
1855
1888
1775
165
1313
262
71
429
144
718
682
2211
1338
8372
342
186
578
1026
975
3812
20
81
60
165
2972
102
1866
24
1353
855
1591
9535
2529
773
66
442
1256
312
35
91
1184
1185
110
70
179
7242
1348
1022
424
2569
38
108
906
2712
116
538
2738
266
3492
38666
3273
371
294
174
1309
13117
3327
1488
7425
80
502
2464
413
3102
1134
136
858
1143
115
722
341
1455
126
122
2439
1093
1145
6368
936
259
4740
140
78
1045
807
784
9861
159
3144
1049
229
126
1695
1689
994
20915
5784
720
204
403
342
2379
2220
2537
3621
1667
613
5408
132
383
250
28
88
130
211
1621
2306
596
70
27
5044
1592
8431
196
1482
99
1163
3712
342
166
57
92
754
548
211
212
10559
71
79
196
363
41
305
313
9917
59
7889
634
120
387
109
173
8858
795
2410
93
105
105
76
48
8048
4546
70
97
889
1131
3521
189
1214
822
1175
523
966
252
1639
4131
429
530
568305
176
2401
265
21352
801
348
352
1021
3465
121
168
818
3520
191
700
37
120
259
1053
1483
105
172
2903
767
147
179
199
39
4560
1003
2202
226
313
2980
767
239
209
90
3501
2087
80
318
5679
4338
104
456
330
303
349
1028
132
714
524
75
202
8114
92
334
156
122
130
2784
42248
652
3012
1454
2414
37
86340
426
86
6437
665
49
335
184
255
167
54
4605
2566
400
13
65448
261
484
253
1035
4337
1227
79
172
542
747
154
350
6177
65
175
298
106
150
2131
265
535
379
236
2179
4419
174
74
233
737
571
698
475
82651
560
6902
35
349
641
5146
4298
195
543
161
167
4552
2994
106
2153
54
3649
35114
640
5
72
45168
109
69
99
110
474
68
514
3768
1852
853
73
649
58854
699
183
367
272
191
3649
153
8503
856
108
2021
1579
1305
1591
71
4769
2583
388
1391
267
50
417
381
373
486
412
328
2302
34
295
3966
117
653
671
777
386
72
229
426
304
186
1268
104
245
1533
71482
26
2808
9663
21313
575
841
78
240
201
147
2734
133
73787
2152
23840
100
2773
962
194
3311
47
103
2677
1167
136
3355
166
46
96
57
972
53
351
111
357
32
244
59
13746
365
5152
5481
142
110
65
168
208
3351
119
234
444
871
80
58
201
733
3214
31
1759
1300
2343
71
101
538
2842
3845
1065
201
197
60
3732
7873
1097
23319
39
242
1075
2131
116
2250
291
4073
4376
3538
56855
39
231
3291
13395
8785
2245
600
481
151
466
254
178
577
8074
21762
9701
470
68
843
317864
210
2783
156
1266
1747
95
3097
72
196
393
322
7601
101
532
355
133
4591
430
14013
1943
125
52
550
5605
21866
356
732
1670
210
1393
607
325
1599
464
311
1804
198
30033
136
303
906
257
57
147
328428
4421
590
63
274
37
729
169
413
585
455
4992
260
221
2197
689
1278
49
554
174
1061
108
587
128
174
11716
240
522
207
2237
121
1872
732
2270
194
233
46
423
122
263
197
104
297
896
246
259
242
209
829
42
119
5152
110
224
151
857
40
247
2410
151
2272
168
88856
268
373
526
834
106
103
170
6243
113
208
41
2067
556
2748
181
149
183
104
6090
258
1521
7400
2641
368
17669
268
481
6530
631
220
159
71
112
2242
2805
502
380
91
536
488
1165
8658
81
1220
85
2071
1193
3566
140
2048
521
279
1871
139
77
138
167
485
20
12632
151
243
1340
134623
99
35
2570
340
5326
1534
154
67
150
52
408
54
959
743
145
2373
390
974
1097
32
716
109
104
62
86
230
280
352
297
961
3933
1017
106
363
216
514
136
821
4201
3237
21540
77
64
107
144
291
72
540
220
223
394
262
13182
63
230
1955
969
60
434
152
197
1519
130
2004
259
1014
106
1852
1496
167
2724
151
2810
106
1413
50
41
93
79
184
415
2790
890
549
51
287
81
1090
60
803
1528
882
133
245
591
101
211
884
85
197
56
360
124
4552
2765
865
39
361
4073
1332
35
72
3587
17
639
115
2124
41
40
451
1677
9067
1637
547
480
127
99
67
535
244
230
525
154
121
74
553
241
3558
527
1220
2481
663
7839
245
2154
335
97
2014
553
197
506
138
127
2837
46
46
1915
114
609
265
122
171
92
390
4977
152
99
1801
4373
194
244
681
104
36
375
123
3688
377
2192
433
225
240
347
226
33
153
6296
181
417
93
183
45
64
156
202
815
258
44
364
2144
70
40400
265
60
187
36
1046
224
331
127
619
1151
6830
95
2390
303
76
4485
95
117
224
146
137
17851
10788
359
52
355
7558
1100
200
524
81
81
1114
144
1210
210
117
118
267
284
61
93
94
958
166
93
3721
6761
310
256
714
231
461
55
466
598
4136
142
74
74
502
680
199
65592
228
1076
237
101
7407
863
256
337
1363
1451
178
1204
276
501
246
217
307
45
684
475
225
607
36827
3466
403
222
218
1458
165
5300
2937
469
511
1378
410
148
378
296
122
88
2977
162
536
1130
113
562
275
5842
54
1218
384
459
673
232
118
263
128
1596
38
271
6769
225
205
143
81
332
3246
359
3198
260
129
138
756
337
1611
1021
584
519
5411
345
241
854
2913
3885
298
1347
846
1092
155
113
348
849
260
501
3630
51
366
5166
323
447
4684
130
720
238
4608
13813
369
1009
133
1604
197
284
210
1272
62
317
996
503
87
274
136
1931
111
350
8589
257
79
1021
3878
11883
457
4993
691
909
570
73
36
58
572
437
128
455
384
21588
362
136
194
1364
82
161
551
177
129
96
236
99
199
122
166
82
375
74
1143
325
11325
79
364
176
1929
2085
1859
133
279
571
135
136
1025
2055
1632
131
2096
470
80
126
192
3714
207
338
105
3812
133
64595
169
7358
1869
105
108
148
508
405
468
44
324
218
447
8060
177
124
295
2205
153
1263
583
177
541
1819
118
291
896
1442
259
246
112
109
29249
858
66
451
294
31
479
3262
1787
1513
239
954
9822
178
416
260
498
996
172
5732
437
128
493
280
821
1101
41
91
875
1663
570
463
119
1240
504
1975
19768
1225
151
85
5269
3161
731
89
391
302
934
5469
88
91
146
541
51
324
14775
290
698
738
354
353
1462
344
2038
2710
124
16979
127
116209
155
236
94
71
558
382
100
28455
80
10431
1284
259
1453
106
528
127
96
2108
1749
321
605
101
873
218
313
364
4787
624
74
368
84
317
221
637
95
551
348
349
535
247
1896
368
2090
56
194
104
155
2091
254
22311
588
948
196
1940
192
7065
311
526
1436
208
93
63
329
261
274
5594
329
2102
174
139
402
179
73
423
5331
365
5083
212
2721
1239
501
310
175
242
19352
273
74
929
622
3015
594
354
475
266
117
163
139
127
115
484
59
500
3438
19248
312
173
513
6594
7116
209
418
137
649
151
1092
214
437
5956
14210
17013
84
261
92
1331
17228
188
629
1880
608
617
613
308
397
397
7127
134305
821
79
403
120
494
92
233
178
356
139
959
257
579
139
1297
325
163
1750
59
337
267
305
343
341
650
1424
136
40
205
63
992
2377
297
580
96
182
17793
519
181
529
2966
93
1088
670
18729
9222
192
554
3773
209
582
156
276
114
140
5367
816
6598
30906
119
1972
1156
1078
242
236
851
179
1953
4625
774
330
122
4230
14630
5048
1582
642
300
393
1926
550
104
662
264
12526
28344
1179
211
548
838
5509
257
51181
5623
468
93
80
662
143
410
1125
141
1525
3978
1544
3129
124
278
1197
277554
46
155619
85
280
329
215
100
2239
4077
456
3394
565
105
5069
5971
19119
420
1321
210
804
345
110
8301
249
447
45565
1874
1399
6427
356
472
294
2419
12766
97
504
6251
288
1181
163
1290
449
459
692
248
265
249
32
224
1673
2275
642
734
81
387
5415
399
872
599
326
303
117
429
1205
130
5283
1894
18351
3186
573
201
68
176
915
5619
309
1078
124
135
2634
9452
252
270
607
326
210
495
46
334
212
302
266
363
1043
1179
561
8134
66293
981
145
121
1493
758
20510
3179
1297
322
209
766
248
753
2916
162
259
1332
301
6467
366
5034
283
78
869
284
2267
15007
1141
505
147
176
264
1030
150
565
621
1062
44070
179
335
810
50665
85
496
675
54
184
230
203
684
10936
10738
433
187
1474
285
155
672
335
4403
225
1425
25838
1367
444
620
264
851
4003
169
145
2129
669
7151
410
1457
31210
590
253
454
221
94
267
677
2973
714
328
306
490
992
104
581
10627
12766
2484
2074
820
274
181
331
1518
289
809
1084
395
501
227
70155
69
224005
270
107
92
134
105
1537
450
497
844
49
108
132
2181
703
393
318
140
345
171
170
478
35791
1052
108
4126
5610
2518
502
887
15955
318
551
410
710
311
12460
142
7337
1167
206
325
242
659
380
476
9822
477
1810
2964
1028
851
958
1235
209
200
435
247
193
117
369
170
1973
304
294
269
170
148
750
254
237
247
2200
2854
11057
207
3313
363
639
175
10338
350
891
738
101
233
484
500
424
488
22912
440
988
420
493
146
122943
383
36824
191
245
84242
11683
800
132
94
587
305
487
13776
90
466
16464
380
658
94
55
733
988
161
186
201
400
214
276
55
211
2337
903
151
766
269
12973
1009
1389
22894
5781
315
196
2025
242
123
796
506
211
253
167
388
233
325
982
10869
131
1100
35928
420
954
173
5150
96
299
361
218
691
917
703206
125
679
522
1922
240
81
353
682
112
418
154
276
687
4326
210
217
14942
68
614
457
2079
1198
5997
797
517
151
110
764
815
234
41
9083
229
982
671
302
26015
81
619
20779
567
8135
67
97
412
8562
169
81
1997
22772
925
538
546
187
1864
327
4627
28100
17150
11109
314
96
947
2744
6811
2180
640
35
35
156
12143
12078
293
40700
397
230
1331
4052
3867
11033
18590
552
199
146
300
420
593
577
7971
12934
26434
601
271
777
1533
986
416
98
286
41148
20984
111
139
124
630
105
309
1970
1933
562
323
860
979
7312
347
128
185
1224
152
5009
9131
1259
179
5598
632
144
596
200
1415
12648
45
419
1875
287
285
87
135
271
701
192
220
207532
965
1766
333
8849
236
6045
177
5797
2040
222
984
77293
208
1626
9420
329
6503
7698
999
665
5873
18
140
625
1956
207
2881
1038
180
785
663
1123
6966
1424
894
304
158
95
457
348
38
183
558
397
798
1457
880
212
87
936
514
40183
737
479
96366
1348
545
6431
406
12749
976
78
2326
184
994
1108
1534
3563
1807
116
604
1159
306
829
228
190
263
318
87696
3010
2187
730
789
338
3466
2005
234
464
1435
761
1764
4064
151
1435
481
1378
1447
1439
5962
328
1968
646
6185
101
178
4378
248
743
174
334
2085
452
2575
1438
680
923
474
41
83
528
83
1377
1258
475
213
126766
120
13386
432
1257
323
4129
502
5039
1614
165
1327
863
250
721
1220
10660
2583
42
2487
690
444
252
617
1687
50
636
58
1060
85
221
13356
581
973
187
315
56395
1122
74
5799
758
669
65805
176
182
441
28516
246
364
47
307
183
93131
3890
422
43
147
2228
8193
243
6178
2075
2124
1284
158
418
780
1488
2899
930
3784
33588
514
1611
60
1338
115
137
94
144
11146
564
160
16424
10071
4879
687
1040
1479
555
2341
105
1225
436
539
18583
967
2887
1580
422
164
423
108
1437
6962
54
125
4276
231
518
3338
1816
939
961
124
229
338
2249
268
2506
3510
737
272
190
5679
153
1527
267
305
329
1000
170
173
1089
4469
607
166
68
1654
3743
348
21782
141
794
1748
296
14080
109
406
293
428
2140
166
485
230
429
13891
13529
1004
322
2826
2571
12896
506
240
165
436
2280
14589
6000
10404
413
1139
7612
415
1722
1341
1233
808
132
568
327
6517
223
379
326
3286
68736
4221
894
465
242
1662
134
7317
347
393
2151
521
359
196
2068
16236
1395
299
358
137
1390
5903
298
313
5319
2723
456
157
1988
4322
2220
591
852
1571
157
305
470
143
259
1321
279
157
115
1970
1444
5237
202
96
752
2503
7998
3414
632
1313
501
808
866
93
418
4246
1307
169
803
4183
6015
970
255
1788
902
265
199
2474
1526
1982
239
52
303
2804
613
224
215
338
1582
536
1618
639
602
685
281
1949
493
94
976
9190
482
5534
412
405
325
2396
2759
3712
327
165
463
321
216
159
724
94
3442
374
12780
228
2018
106
2196
86
656
2054
10237
5509
2123
675
2049
1848
1192
1868
4293
332
64
916
1257
747
284
423
3481
1317
1124
161
330
1979
523
157
4965
1986
1307
1745
199
7584
19569
8049
1033
2386
3698
420
1409
480
1711
445
1596
4073
1075
193
2509
4285
1870
454
375
1653
210
9043
324
235
386
377
211
5612
406
207
573
2479
4186
725
1585
148806
3113
2906
448
14708
12258
148334
395
2154
279
4155
14213
382
158
5704
1441
689
801
515
1298
17960
415
1106
3845
9983
1365
4240
851
2164
1731
4520
1951
865
11852
3468
1381
739
3382
4381
782
4816
1030
5808
1584
556
17905
581
3250
3678
2322
700
1160
687
2892
1392
227
1233
25886
1879
3244
1028
1584
781
685
3098
6178
2955
2549
1522
9970
479
867
3829
2812
1287
1907
1800
1144
2542
759
2324
21324
1707
3061
2087
1865
2793
1318
2992
747
3566
4508
9381
679
2105
5685
285
20334
1594
2107
13508
3993
1241
14391
4685
3036
2209
1597
367
1916
1669
2896
497
990
19546
3518
1686
96678
5231
683
2681
16238
2049
2143
2978
1587
1686
4852
1796
1656
1711
962
1216
3139
4570
2011
1846
3475
15437
1622
1234
3129
1144
830
10161
2435
1789
1597
1030
1466
3464
9014
4348
991
2303
6135
5821
2256
1697
1697
2752
4241
3214
1103
11431
7150
107742
3678
4310
4590
9177
2407
2215
1093
5896
2254
1486
1382
3143
1269
2327
2635
6020
2116
2739
1821
1405
1416
1359
1401
1139
861
7874
2142
3094
1938
3096
2168
1016
1827
1980
2299
3119
7465
1526
2259
3387
1289
14114
1431
1415
754
1018
1828
21254
1928
1367
1793
2288
6978
1103
680
3001
5519
521
4246
2367
8457
1294
5528
6490
1713
1546
3336
14165
1344
6475
2672
37712
3202
2219
5488
13680
1498
74273
2596
6696
2975
5673
9248
2610
5565
14487
1319
6583
2706
5798
3001
4230
33443
4710
3833
23231
4219
5770
3399
28227
2290
246056
12757
4466
4462
6987
1976
5259
726
4448
5059
5570
21880
9293
23172
6422
29762
3170
3498
2084
95092
8289
4339
4411
5133
6867
11171
17807
30001
17475
26983
4423
6120
10036
17262
5978
3583
81576
3145
14650
8968
3089
7205
30990
25969
5002
4995
297332
3029
16043
3473
6941
13315
19014
4874
7285
13841
37576
25748
5465
12331
1417
17315
18021
6228
13708
10487
11769
10719
6570
4415
3687
12091
11250
10425
4982
3227
14970
18883
6302
5385
7425
9878
4985
4939
3413
9867
27518
8204
9787
4938
3751
6224
7712
1815
5510
5005
