0.00
0.00
0.00
0.00
0.00
0.00
0.00
0.00
0.00
0.00
0.00
0.00
0.00
0.00
0.00
0.00
0.00
0.00
0.00
0.00
0.00
0.00
0.00
0.00
17793.00
0.00
0.00
0.00
0.00
0.00
0.00
0.00
0.00
0.00
0.00
0.00
0.00
0.00
0.00
0.00
0.00
0.00
0.00
0.00
0.00
0.00
0.00
0.00
0.00
0.00
0.00
0.00
0.00
0.00
0.00
0.00
0.00
0.00
0.00
0.00
0.00
0.00
0.00
0.00
0.00
0.00
0.00
0.00
0.00
0.00
0.00
0.00
0.00
0.00
0.00
0.00
0.00
0.00
0.00
0.00
0.00
0.00
0.00
0.00
0.00
0.00
0.00
0.00
0.00
0.00
0.00
0.00
0.00
0.00
0.00
0.00
0.00
0.00
0.00
0.00
0.00
0.00
0.00
0.00
0.00
0.00
0.00
0.00
0.00
0.00
0.00
0.00
0.00
0.00
0.00
116209.00
64595.00
0.00
0.00
0.00
0.00
0.00
0.00
0.00
0.00
0.00
0.00
0.00
0.00
0.00
0.00
0.00
0.00
0.00
0.00
0.00
0.00
0.00
0.00
0.00
0.00
0.00
0.00
0.00
0.00
0.00
0.00
0.00
0.00
0.00
0.00
0.00
0.00
0.00
0.00
0.00
0.00
0.00
0.00
0.00
0.00
0.00
0.00
0.00
0.00
0.00
0.00
0.00
0.00
0.00
0.00
0.00
0.00
0.00
0.00
0.00
0.00
0.00
0.00
0.00
0.00
0.00
0.00
0.00
0.00
0.00
0.00
0.00
0.00
0.00
0.00
0.00
0.00
0.00
0.00
0.00
0.00
0.00
0.00
0.00
0.00
0.00
35885.00
0.00
0.00
51560.00
0.00
0.00
0.00
0.00
0.00
0.00
0.00
0.00
0.00
0.00
0.00
0.00
0.00
0.00
0.00
0.00
0.00
0.00
0.00
0.00
0.00
0.00
0.00
0.00
0.00
0.00
0.00
0.00
0.00
0.00
0.00
0.00
0.00
0.00
0.00
0.00
0.00
0.00
0.00
0.00
0.00
0.00
0.00
0.00
0.00
0.00
0.00
0.00
0.00
0.00
0.00
0.00
0.00
0.00
0.00
0.00
0.00
0.00
0.00
0.00
0.00
0.00
0.00
0.00
0.00
0.00
0.00
0.00
0.00
0.00
0.00
0.00
0.00
0.00
0.00
0.00
0.00
0.00
0.00
0.00
0.00
0.00
0.00
0.00
0.00
20984.00
0.00
7151.00
0.00
3161.00
0.00
0.00
0.00
0.00
0.00
0.00
0.00
0.00
0.00
0.00
0.00
0.00
0.00
0.00
0.00
0.00
0.00
0.00
0.00
0.00
0.00
0.00
0.00
0.00
0.00
0.00
0.00
0.00
0.00
0.00
0.00
0.00
0.00
0.00
0.00
0.00
0.00
0.00
0.00
0.00
0.00
0.00
0.00
0.00
0.00
0.00
0.00
0.00
0.00
0.00
0.00
0.00
0.00
0.00
0.00
0.00
0.00
0.00
0.00
0.00
0.00
0.00
0.00
0.00
0.00
0.00
0.00
0.00
0.00
0.00
0.00
0.00
0.00
0.00
0.00
0.00
0.00
0.00
0.00
0.00
0.00
0.00
0.00
0.00
77293.00
0.00
0.00
0.00
0.00
0.00
13813.00
65592.00
0.00
0.00
0.00
0.00
0.00
0.00
0.00
0.00
0.00
0.00
0.00
0.00
0.00
0.00
0.00
0.00
0.00
0.00
0.00
0.00
0.00
0.00
0.00
0.00
0.00
0.00
0.00
0.00
0.00
0.00
0.00
0.00
0.00
0.00
0.00
0.00
0.00
0.00
0.00
0.00
0.00
0.00
0.00
0.00
0.00
0.00
0.00
0.00
0.00
0.00
0.00
0.00
0.00
0.00
0.00
0.00
0.00
0.00
0.00
0.00
0.00
0.00
0.00
0.00
0.00
0.00
0.00
0.00
0.00
0.00
0.00
0.00
0.00
0.00
0.00
0.00
0.00
0.00
0.00
0.00
0.00
0.00
96366.00
0.00
11683.00
5619.00
0.00
10431.00
4993.00
0.00
0.00
134623.00
0.00
0.00
0.00
0.00
0.00
0.00
0.00
0.00
0.00
0.00
0.00
0.00
0.00
0.00
0.00
0.00
0.00
0.00
0.00
0.00
0.00
0.00
0.00
0.00
0.00
0.00
0.00
0.00
0.00
0.00
0.00
0.00
0.00
0.00
0.00
0.00
0.00
0.00
0.00
0.00
0.00
0.00
0.00
0.00
0.00
0.00
0.00
0.00
0.00
0.00
0.00
0.00
0.00
0.00
0.00
0.00
0.00
0.00
0.00
0.00
0.00
0.00
0.00
0.00
0.00
0.00
0.00
0.00
0.00
0.00
0.00
0.00
0.00
0.00
0.00
0.00
0.00
0.00
0.00
126766.00
127879.00
0.00
5610.00
0.00
0.00
0.00
4412.00
756.00
5869.00
2805.00
145269.00
58854.00
0.00
0.00
0.00
0.00
0.00
0.00
0.00
0.00
0.00
0.00
0.00
0.00
0.00
0.00
0.00
0.00
0.00
0.00
0.00
0.00
0.00
0.00
0.00
0.00
0.00
0.00
0.00
0.00
0.00
0.00
0.00
0.00
0.00
0.00
0.00
0.00
0.00
0.00
0.00
0.00
0.00
0.00
0.00
0.00
0.00
0.00
0.00
0.00
0.00
0.00
0.00
0.00
0.00
0.00
0.00
0.00
0.00
0.00
0.00
0.00
0.00
0.00
0.00
0.00
0.00
0.00
0.00
0.00
0.00
0.00
0.00
0.00
0.00
0.00
0.00
0.00
0.00
28516.00
207532.00
0.00
0.00
4403.00
1544.00
16979.00
4558.00
2536.00
0.00
7055.00
45185.00
100562.00
0.00
0.00
0.00
0.00
0.00
0.00
0.00
0.00
0.00
0.00
0.00
0.00
0.00
0.00
0.00
0.00
0.00
0.00
0.00
0.00
0.00
0.00
0.00
0.00
0.00
0.00
0.00
0.00
0.00
0.00
0.00
0.00
0.00
0.00
0.00
0.00
0.00
0.00
0.00
0.00
0.00
0.00
0.00
0.00
0.00
0.00
0.00
0.00
0.00
0.00
0.00
0.00
0.00
0.00
0.00
0.00
0.00
0.00
0.00
0.00
0.00
0.00
0.00
0.00
0.00
0.00
0.00
0.00
0.00
0.00
0.00
0.00
0.00
0.00
0.00
0.00
18583.00
0.00
0.00
0.00
0.00
31210.00
0.00
3312.00
4818.00
36827.00
3237.00
2242.00
30098.00
0.00
568305.00
42072.00
6219.00
38701.00
0.00
40443.00
60279.00
4368.00
0.00
24373.00
84227.00
8301.00
82665.00
0.00
0.00
0.00
0.00
0.00
0.00
0.00
0.00
0.00
0.00
0.00
0.00
0.00
0.00
0.00
0.00
0.00
0.00
0.00
0.00
0.00
0.00
0.00
0.00
0.00
0.00
0.00
0.00
0.00
0.00
0.00
0.00
0.00
0.00
0.00
0.00
0.00
0.00
0.00
0.00
0.00
0.00
0.00
0.00
0.00
0.00
0.00
0.00
0.00
0.00
0.00
0.00
0.00
0.00
0.00
0.00
0.00
0.00
0.00
0.00
0.00
0.00
0.00
0.00
65805.00
0.00
8562.00
0.00
8134.00
18482.00
1513.00
1859.00
4136.00
2004.00
3644.00
13395.00
4298.00
0.00
9879.00
80052.00
8283.00
0.00
8031.00
2968.00
3346.00
7575.00
15035.00
3958.00
0.00
22853.00
188810.00
0.00
0.00
0.00
0.00
0.00
0.00
0.00
0.00
0.00
0.00
0.00
0.00
0.00
0.00
0.00
0.00
0.00
0.00
0.00
0.00
0.00
0.00
0.00
0.00
0.00
0.00
0.00
0.00
0.00
0.00
0.00
0.00
0.00
0.00
0.00
0.00
0.00
0.00
0.00
0.00
0.00
0.00
0.00
0.00
0.00
0.00
0.00
0.00
0.00
0.00
0.00
0.00
0.00
0.00
0.00
0.00
0.00
0.00
0.00
0.00
0.00
0.00
0.00
0.00
6966.00
26434.00
0.00
4003.00
7116.00
5732.00
9438.00
8277.00
1801.00
2641.00
2842.00
0.00
7141.00
6713.00
4899.00
0.00
1225.00
1015.00
12741.00
3504.00
2623.00
301.00
0.00
654.00
484.00
28816.00
0.00
0.00
0.00
0.00
0.00
0.00
0.00
0.00
0.00
0.00
0.00
0.00
0.00
0.00
0.00
0.00
0.00
0.00
0.00
0.00
0.00
0.00
0.00
0.00
0.00
0.00
0.00
0.00
0.00
0.00
0.00
0.00
0.00
0.00
0.00
0.00
0.00
0.00
0.00
0.00
0.00
0.00
0.00
0.00
0.00
0.00
0.00
0.00
0.00
0.00
0.00
0.00
0.00
0.00
0.00
0.00
0.00
0.00
0.00
0.00
0.00
0.00
0.00
0.00
0.00
0.00
16464.00
0.00
7127.00
1462.00
2913.00
1363.00
8369.00
0.00
0.00
45168.00
9120.00
1886.00
2112.00
8133.00
358.00
16732.00
1100.00
1396.00
1973.00
6131.00
2787.00
3144.00
8007.00
3244.00
26740.00
0.00
7964.00
0.00
0.00
0.00
0.00
0.00
0.00
0.00
0.00
0.00
0.00
0.00
0.00
0.00
0.00
0.00
0.00
0.00
0.00
0.00
0.00
0.00
0.00
0.00
0.00
0.00
0.00
0.00
0.00
0.00
0.00
0.00
0.00
0.00
0.00
0.00
0.00
0.00
0.00
0.00
0.00
0.00
0.00
0.00
0.00
0.00
0.00
0.00
0.00
0.00
0.00
0.00
0.00
0.00
0.00
0.00
0.00
0.00
0.00
0.00
0.00
0.00
0.00
0.00
0.00
0.00
5048.00
28455.00
0.00
5863.00
6863.00
8658.00
3291.00
0.00
8858.00
0.00
0.00
1229.00
3364.00
50577.00
0.00
0.00
0.00
0.00
0.00
1258.00
1107.00
3627.00
690.00
2854.00
0.00
0.00
0.00
0.00
0.00
0.00
0.00
0.00
0.00
0.00
0.00
0.00
0.00
0.00
0.00
0.00
0.00
0.00
0.00
0.00
0.00
0.00
0.00
0.00
0.00
0.00
0.00
0.00
0.00
0.00
0.00
0.00
0.00
0.00
0.00
0.00
0.00
0.00
0.00
0.00
0.00
0.00
0.00
0.00
0.00
0.00
0.00
0.00
0.00
0.00
0.00
0.00
0.00
0.00
0.00
21324.00
0.00
14708.00
0.00
0.00
0.00
0.00
5873.00
0.00
36824.00
53851.00
0.00
0.00
0.00
0.00
0.00
7987.00
13416.00
0.00
6227.00
0.00
34376.00
3136.00
27665.00
336055.00
19097.00
0.00
2394.00
2460.00
3625.00
3501.00
0.00
1022.00
1015.00
0.00
8392.00
16207.00
0.00
0.00
0.00
0.00
0.00
0.00
0.00
0.00
0.00
0.00
0.00
0.00
0.00
0.00
0.00
0.00
0.00
0.00
0.00
0.00
0.00
0.00
0.00
0.00
0.00
0.00
0.00
0.00
0.00
0.00
0.00
0.00
0.00
0.00
0.00
0.00
0.00
0.00
0.00
0.00
0.00
0.00
0.00
0.00
0.00
0.00
0.00
0.00
0.00
0.00
0.00
0.00
20334.00
25886.00
17905.00
176593.00
19569.00
0.00
21782.00
8019.00
0.00
40243.00
122943.00
0.00
19248.00
7065.00
11325.00
17851.00
2124.00
22748.00
5605.00
10605.00
4131.00
5708.00
2173.00
10440.00
17910.00
63960.00
2874.00
1366.00
2098.00
3440.00
0.00
0.00
0.00
280.00
1444.00
2566.00
3403.00
13985.00
0.00
0.00
0.00
0.00
0.00
0.00
0.00
0.00
0.00
0.00
0.00
0.00
0.00
0.00
0.00
0.00
0.00
0.00
0.00
0.00
0.00
0.00
0.00
0.00
0.00
0.00
0.00
0.00
0.00
0.00
0.00
0.00
0.00
0.00
0.00
0.00
0.00
0.00
0.00
0.00
0.00
0.00
0.00
0.00
0.00
0.00
0.00
0.00
0.00
0.00
0.00
0.00
2793.00
0.00
0.00
12258.00
10808.00
17515.00
13891.00
20572.00
27042.00
136981.00
70155.00
20510.00
0.00
19768.00
3885.00
0.00
6311.00
6530.00
3214.00
0.00
10559.00
3705.00
6282.00
0.00
5836.00
2530.00
0.00
2284.00
27438.00
920.00
0.00
0.00
2988.00
7016.00
19917.00
4527.00
3066.00
13025.00
0.00
0.00
0.00
0.00
0.00
0.00
0.00
0.00
0.00
0.00
0.00
0.00
0.00
0.00
0.00
0.00
0.00
0.00
0.00
0.00
0.00
0.00
0.00
0.00
0.00
0.00
0.00
0.00
0.00
0.00
0.00
0.00
0.00
0.00
0.00
0.00
0.00
0.00
0.00
0.00
0.00
0.00
0.00
0.00
0.00
0.00
0.00
0.00
0.00
0.00
0.00
0.00
747.00
0.00
3468.00
0.00
11877.00
2151.00
16255.00
6495.00
31095.00
798106.00
0.00
18351.00
0.00
0.00
7358.00
0.00
0.00
30033.00
0.00
46214.00
0.00
26251.00
2522.00
22783.00
0.00
1434.00
9410.00
1165.00
1118.00
0.00
0.00
4955.00
0.00
1755.00
872.00
12309.00
17645.00
8182.00
0.00
34533.00
0.00
0.00
0.00
0.00
0.00
0.00
0.00
0.00
0.00
0.00
0.00
0.00
0.00
0.00
0.00
0.00
0.00
0.00
0.00
0.00
0.00
0.00
0.00
0.00
0.00
0.00
0.00
0.00
0.00
0.00
0.00
0.00
0.00
0.00
0.00
0.00
0.00
0.00
0.00
0.00
0.00
0.00
0.00
0.00
0.00
0.00
0.00
0.00
0.00
0.00
367.00
3679.00
4381.00
0.00
0.00
0.00
0.00
0.00
12688.00
57906.00
12460.00
0.00
28344.00
0.00
4608.00
40400.00
0.00
0.00
13746.00
2021.00
22136.00
0.00
780.00
4732.00
1788.00
4747.00
0.00
1255.00
1158.00
489.00
4106.00
23359.00
0.00
0.00
2898.00
0.00
0.00
0.00
0.00
0.00
0.00
0.00
0.00
0.00
0.00
0.00
0.00
0.00
0.00
0.00
0.00
0.00
0.00
0.00
0.00
0.00
0.00
0.00
0.00
0.00
0.00
0.00
0.00
0.00
0.00
0.00
0.00
0.00
0.00
0.00
0.00
0.00
0.00
0.00
0.00
0.00
0.00
0.00
0.00
0.00
0.00
0.00
0.00
0.00
0.00
0.00
0.00
0.00
0.00
0.00
0.00
3098.00
0.00
415.00
12780.00
0.00
0.00
0.00
785.00
0.00
23745.00
12846.00
0.00
5469.00
0.00
3198.00
0.00
6090.00
36032.00
5679.00
25959.00
3273.00
11135.00
0.00
4198.00
2094.00
2481.00
2057.00
1751.00
733.00
2077.00
2417.00
4766.00
0.00
1854.00
0.00
0.00
13947.00
0.00
0.00
35221.00
0.00
211996.00
17737.00
0.00
0.00
0.00
0.00
0.00
0.00
0.00
0.00
0.00
0.00
0.00
0.00
0.00
0.00
0.00
0.00
0.00
0.00
0.00
0.00
0.00
0.00
0.00
0.00
0.00
0.00
0.00
0.00
0.00
0.00
0.00
0.00
0.00
0.00
0.00
0.00
0.00
0.00
0.00
0.00
0.00
0.00
0.00
0.00
0.00
0.00
0.00
0.00
865.00
0.00
4285.00
9855.00
6348.00
1614.00
1424.00
5150.00
0.00
5283.00
19352.00
0.00
25400.00
10788.00
13182.00
829.00
13774.00
11763.00
0.00
0.00
0.00
27941.00
5783.00
4473.00
6231.00
3934.00
0.00
409.00
5396.00
2266.00
1584.00
1333.00
0.00
10873.00
0.00
0.00
91906.00
0.00
0.00
14876.00
0.00
0.00
0.00
0.00
0.00
0.00
0.00
0.00
0.00
0.00
0.00
0.00
0.00
0.00
0.00
0.00
0.00
0.00
0.00
0.00
0.00
0.00
0.00
0.00
0.00
0.00
0.00
0.00
0.00
0.00
0.00
0.00
0.00
0.00
0.00
0.00
0.00
0.00
0.00
0.00
0.00
0.00
0.00
0.00
0.00
0.00
0.00
0.00
1318.00
1160.00
0.00
2479.00
0.00
0.00
808.00
0.00
0.00
0.00
0.00
0.00
0.00
3262.00
0.00
7558.00
9358.00
0.00
0.00
0.00
0.00
2173.00
659.00
32293.00
116557.00
18174.00
2891.00
0.00
478.00
2677.00
0.00
2465.00
9338.00
0.00
0.00
0.00
0.00
0.00
0.00
30277.00
0.00
0.00
0.00
78546.00
0.00
0.00
0.00
0.00
0.00
0.00
0.00
0.00
0.00
0.00
0.00
0.00
0.00
0.00
0.00
0.00
0.00
0.00
0.00
0.00
0.00
0.00
0.00
0.00
0.00
0.00
0.00
0.00
0.00
0.00
0.00
0.00
0.00
0.00
0.00
0.00
0.00
0.00
0.00
0.00
0.00
0.00
0.00
0.00
0.00
0.00
0.00
0.00
0.00
0.00
1848.00
1813.00
9928.00
973.00
0.00
1533.00
0.00
2267.00
6598.00
0.00
4684.00
0.00
0.00
330625.00
0.00
0.00
11033.00
6868.00
970.00
2486.00
0.00
0.00
4591.00
12157.00
0.00
5916.00
0.00
0.00
0.00
0.00
0.00
0.00
0.00
0.00
0.00
0.00
24394.00
0.00
0.00
0.00
45788.00
0.00
0.00
0.00
0.00
0.00
0.00
0.00
0.00
0.00
0.00
0.00
0.00
0.00
0.00
0.00
0.00
0.00
0.00
0.00
0.00
0.00
0.00
0.00
0.00
0.00
0.00
0.00
0.00
0.00
0.00
0.00
0.00
0.00
0.00
0.00
0.00
0.00
0.00
0.00
0.00
0.00
0.00
0.00
0.00
0.00
0.00
1879.00
0.00
3113.00
5286.00
5572.00
0.00
1327.00
3813.00
0.00
0.00
5034.00
0.00
1749.00
0.00
0.00
0.00
0.00
0.00
9157.00
2980.00
11433.00
9673.00
2775.00
9572.00
4445.00
3165.00
0.00
5574.00
10118.00
0.00
0.00
0.00
2517.00
0.00
0.00
0.00
0.00
0.00
0.00
0.00
41084.00
436870.00
0.00
109927.00
0.00
0.00
0.00
0.00
0.00
0.00
0.00
0.00
0.00
0.00
0.00
0.00
0.00
0.00
0.00
0.00
0.00
0.00
0.00
0.00
0.00
0.00
0.00
0.00
0.00
0.00
0.00
0.00
0.00
0.00
0.00
0.00
0.00
0.00
0.00
0.00
0.00
0.00
0.00
0.00
0.00
0.00
0.00
0.00
0.00
0.00
0.00
0.00
375.00
0.00
2296.00
2999.00
1040.00
0.00
0.00
0.00
1894.00
662.00
0.00
0.00
0.00
0.00
0.00
0.00
4419.00
9917.00
7595.00
39111.00
4193.00
2351.00
2801.00
26240.00
47165.00
2460.00
1594.00
0.00
0.00
0.00
0.00
0.00
0.00
0.00
0.00
12493.00
20975.00
3579.00
94105.00
26252.00
8840.00
4949.00
0.00
0.00
0.00
0.00
0.00
0.00
0.00
0.00
0.00
0.00
0.00
0.00
0.00
0.00
0.00
0.00
0.00
0.00
0.00
0.00
0.00
0.00
0.00
0.00
0.00
0.00
0.00
0.00
0.00
0.00
0.00
0.00
0.00
0.00
0.00
0.00
0.00
0.00
0.00
0.00
0.00
0.00
0.00
0.00
0.00
0.00
0.00
0.00
0.00
2059.00
2526.00
3279.00
2539.00
5912.00
777.00
750.00
3422.00
0.00
0.00
0.00
0.00
3558.00
2615.00
0.00
0.00
0.00
0.00
0.00
0.00
18785.00
61338.00
0.00
0.00
0.00
12401.00
0.00
0.00
3758.00
0.00
1538.00
0.00
0.00
42650.00
0.00
0.00
23514.00
17170.00
0.00
132089.00
74337.00
16329.00
0.00
0.00
0.00
0.00
0.00
0.00
0.00
0.00
0.00
0.00
0.00
0.00
0.00
0.00
0.00
0.00
0.00
0.00
0.00
0.00
0.00
0.00
0.00
0.00
0.00
0.00
0.00
0.00
0.00
0.00
0.00
0.00
0.00
0.00
0.00
0.00
0.00
0.00
0.00
0.00
0.00
0.00
0.00
0.00
0.00
0.00
782.00
0.00
0.00
5237.00
0.00
0.00
0.00
6688.00
1111.00
0.00
0.00
0.00
0.00
1204.00
2481.00
0.00
0.00
0.00
0.00
0.00
0.00
0.00
2716.00
3599.00
6890.00
5030.00
0.00
10047.00
0.00
684.00
0.00
0.00
0.00
0.00
8455.00
0.00
10759.00
0.00
54561.00
0.00
16172.00
13551.00
8745.00
31760.00
0.00
0.00
0.00
0.00
0.00
0.00
0.00
0.00
0.00
0.00
0.00
0.00
0.00
0.00
0.00
0.00
0.00
0.00
0.00
0.00
0.00
0.00
0.00
0.00
0.00
0.00
0.00
0.00
0.00
0.00
0.00
0.00
0.00
0.00
0.00
0.00
0.00
0.00
0.00
0.00
0.00
0.00
0.00
0.00
0.00
0.00
0.00
8518.00
10237.00
0.00
2571.00
5902.00
2326.00
986.00
3536.00
8301.00
2377.00
5269.00
11883.00
3246.00
0.00
0.00
9663.00
0.00
1695.00
0.00
0.00
0.00
0.00
15880.00
0.00
0.00
8461.00
1230.00
8074.00
4124.00
0.00
0.00
0.00
0.00
0.00
0.00
0.00
0.00
0.00
0.00
0.00
4076.00
258721.00
0.00
0.00
0.00
0.00
0.00
0.00
0.00
0.00
0.00
0.00
0.00
0.00
0.00
0.00
0.00
0.00
0.00
0.00
0.00
0.00
0.00
0.00
0.00
0.00
0.00
0.00
0.00
0.00
0.00
0.00
0.00
0.00
0.00
0.00
0.00
0.00
0.00
0.00
0.00
0.00
0.00
0.00
0.00
0.00
0.00
0.00
0.00
3678.00
0.00
1615.00
3286.00
1075.00
4237.00
1956.00
1040.00
1084.00
0.00
0.00
738.00
913.00
0.00
3165.00
19203.00
0.00
484.00
0.00
1145.00
0.00
0.00
0.00
0.00
1032.00
545.00
1904.00
0.00
2222.00
4184.00
2438.00
0.00
3397.00
1122.00
2739.00
0.00
0.00
0.00
0.00
0.00
9240.00
2576.00
54681.00
0.00
437197.00
0.00
0.00
0.00
0.00
0.00
0.00
0.00
0.00
0.00
0.00
0.00
0.00
0.00
0.00
0.00
0.00
0.00
0.00
0.00
0.00
0.00
0.00
0.00
0.00
0.00
0.00
0.00
0.00
0.00
0.00
0.00
0.00
0.00
0.00
0.00
0.00
0.00
0.00
0.00
0.00
0.00
0.00
0.00
0.00
0.00
0.00
2154.00
0.00
1788.00
296.00
24617.00
558.00
947.00
1518.00
0.00
608.00
0.00
0.00
7407.00
4517.00
4653.00
1300.00
0.00
0.00
0.00
408.00
0.00
273.00
0.00
0.00
0.00
0.00
0.00
0.00
629.00
1059.00
1507.00
1091.00
3962.00
0.00
0.00
0.00
0.00
25685.00
0.00
0.00
0.00
102751.00
4810.00
29659.00
1064.00
0.00
0.00
0.00
0.00
0.00
0.00
0.00
0.00
0.00
0.00
0.00
0.00
0.00
0.00
0.00
0.00
0.00
0.00
0.00
0.00
0.00
0.00
0.00
0.00
0.00
0.00
0.00
0.00
0.00
0.00
0.00
0.00
0.00
0.00
0.00
0.00
0.00
0.00
0.00
0.00
0.00
0.00
0.00
1287.00
1951.00
801.00
6471.00
2142.00
8303.00
13356.00
4011.00
3867.00
501.00
0.00
0.00
2710.00
0.00
3466.00
0.00
0.00
0.00
0.00
0.00
0.00
808.00
0.00
0.00
2811.00
914.00
2213.00
0.00
2682.00
875.00
0.00
1435.00
0.00
1021.00
827.00
1445.00
0.00
39005.00
810.00
0.00
0.00
0.00
1596.00
10054.00
1719.00
7516.00
35929.00
98182.00
0.00
0.00
0.00
0.00
0.00
0.00
0.00
0.00
0.00
0.00
0.00
0.00
0.00
0.00
0.00
0.00
0.00
0.00
0.00
0.00
0.00
0.00
0.00
0.00
0.00
0.00
0.00
0.00
0.00
0.00
0.00
0.00
0.00
0.00
0.00
0.00
0.00
0.00
0.00
0.00
0.00
0.00
0.00
0.00
4155.00
2564.00
4322.00
7333.00
0.00
0.00
860.00
0.00
1043.00
5728.00
0.00
0.00
0.00
0.00
959.00
0.00
0.00
0.00
1717.00
595.00
382.00
0.00
0.00
4682.00
2949.00
0.00
1942.00
3034.00
0.00
1053.00
2536.00
0.00
0.00
727.00
0.00
0.00
2349.00
0.00
0.00
35025.00
35222.00
4954.00
42211.00
851.00
1045.00
31098.00
53446.00
0.00
0.00
0.00
0.00
0.00
0.00
0.00
0.00
0.00
0.00
0.00
0.00
0.00
0.00
0.00
0.00
0.00
0.00
0.00
0.00
0.00
0.00
0.00
0.00
0.00
0.00
0.00
0.00
0.00
0.00
0.00
0.00
0.00
0.00
0.00
0.00
0.00
0.00
0.00
0.00
0.00
0.00
11852.00
0.00
1986.00
1909.00
2826.00
33588.00
701.00
0.00
0.00
6494.00
6594.00
948.00
5411.00
0.00
884.00
554.00
481.00
0.00
0.00
6820.00
57717.00
0.00
6488.00
0.00
0.00
31147.00
592.00
6111.00
3818.00
2512.00
571.00
469.00
95.00
0.00
3091.00
0.00
0.00
0.00
2716.00
0.00
10330.00
0.00
2235.00
7240.00
73957.00
2007.00
2970.00
20737.00
20019.00
0.00
0.00
0.00
0.00
0.00
0.00
0.00
0.00
9552.00
0.00
0.00
0.00
0.00
0.00
0.00
0.00
0.00
0.00
0.00
0.00
0.00
0.00
0.00
0.00
0.00
0.00
0.00
0.00
0.00
0.00
0.00
0.00
0.00
0.00
0.00
0.00
0.00
0.00
0.00
0.00
0.00
0.00
0.00
0.00
2723.00
0.00
2228.00
8186.00
1326.00
0.00
0.00
0.00
0.00
0.00
1800.00
0.00
8314.00
0.00
0.00
0.00
341.00
792.00
506.00
941.00
5693.00
0.00
0.00
1211.00
1472.00
0.00
0.00
395.00
481.00
451.00
1896.00
0.00
0.00
2895.00
1252.00
2305.00
0.00
0.00
2224.00
1024.00
45510.00
20466.00
1785.00
13759.00
22690.00
82348.00
0.00
0.00
0.00
0.00
0.00
0.00
0.00
0.00
0.00
0.00
0.00
0.00
0.00
0.00
0.00
0.00
0.00
0.00
0.00
0.00
0.00
0.00
0.00
0.00
0.00
0.00
0.00
0.00
0.00
0.00
0.00
0.00
0.00
0.00
0.00
0.00
0.00
0.00
0.00
0.00
0.00
0.00
148334.00
7527.00
24943.00
7786.00
62573.00
2507.00
8643.00
0.00
1974.00
7606.00
0.00
0.00
403.00
681.00
0.00
0.00
0.00
1592.00
460.00
1371.00
108.00
12417.00
12490.00
0.00
0.00
0.00
1140.00
0.00
0.00
0.00
0.00
0.00
2453.00
0.00
0.00
3803.00
0.00
1231.00
0.00
25727.00
0.00
8197.00
13371.00
11696.00
4818.00
40877.00
3288.00
0.00
0.00
0.00
0.00
0.00
0.00
0.00
0.00
70855.00
0.00
0.00
0.00
0.00
0.00
0.00
0.00
0.00
0.00
0.00
0.00
0.00
0.00
0.00
0.00
0.00
0.00
0.00
0.00
0.00
0.00
0.00
0.00
0.00
0.00
0.00
0.00
0.00
0.00
0.00
0.00
0.00
0.00
0.00
0.00
0.00
0.00
1580.00
1377.00
2319.00
4326.00
38615.00
25838.00
3015.00
0.00
2293.00
0.00
2451.00
2470.00
0.00
653.00
0.00
413.00
1636.00
89705.00
5992.00
0.00
0.00
25603.00
16511.00
0.00
614.00
2706.00
3069.00
1650.00
0.00
350.00
0.00
185776.00
0.00
2004.00
0.00
2409.00
0.00
0.00
5902.00
31634.00
44056.00
4259.00
104274.00
0.00
0.00
0.00
0.00
0.00
0.00
0.00
0.00
0.00
21852.00
31314.00
0.00
0.00
0.00
0.00
0.00
0.00
0.00
0.00
0.00
0.00
0.00
0.00
0.00
0.00
0.00
0.00
0.00
0.00
0.00
0.00
0.00
0.00
0.00
0.00
0.00
0.00
0.00
0.00
0.00
0.00
0.00
0.00
0.00
0.00
0.00
0.00
1089.00
337.00
0.00
0.00
0.00
2126.00
821.00
5098.00
5262.00
0.00
547.00
0.00
1268.00
0.00
0.00
4817.00
697.00
0.00
0.00
18527.00
0.00
0.00
0.00
0.00
0.00
0.00
0.00
3843.00
2049.00
0.00
0.00
0.00
0.00
1898.00
1234.00
0.00
6722.00
0.00
3238.00
13278.00
20170.00
23578.00
6186.00
0.00
0.00
0.00
0.00
0.00
0.00
0.00
0.00
0.00
0.00
5541.00
0.00
0.00
0.00
0.00
0.00
0.00
0.00
0.00
0.00
0.00
0.00
0.00
0.00
0.00
0.00
0.00
0.00
0.00
0.00
0.00
0.00
0.00
0.00
0.00
0.00
0.00
0.00
0.00
0.00
0.00
0.00
0.00
0.00
0.00
2386.00
3514.00
967.00
581.00
4009.00
1997.00
11189.00
0.00
1953.00
0.00
0.00
0.00
5643.00
0.00
0.00
543.00
0.00
0.00
4104.00
1146.00
8756.00
0.00
0.00
713.00
0.00
45486.00
0.00
0.00
0.00
0.00
0.00
0.00
2552.00
585.00
1953.00
1075.00
1361.00
0.00
1828.00
0.00
1321.00
1260.00
115347.00
32021.00
0.00
0.00
0.00
0.00
0.00
0.00
0.00
0.00
0.00
0.00
0.00
0.00
0.00
0.00
0.00
0.00
0.00
0.00
0.00
0.00
0.00
0.00
0.00
0.00
0.00
0.00
0.00
0.00
0.00
0.00
0.00
0.00
0.00
0.00
0.00
0.00
0.00
0.00
0.00
0.00
0.00
0.00
0.00
0.00
2322.00
5704.00
0.00
0.00
0.00
213.00
2838.00
3316.00
311.00
1750.00
0.00
0.00
0.00
1218.00
0.00
587.00
0.00
1279.00
0.00
1309.00
0.00
0.00
3631.00
11191.00
4824.00
0.00
0.00
0.00
0.00
0.00
26642.00
0.00
1775.00
355.00
6755.00
4938.00
1546.00
3001.00
1644.00
286.00
947.00
909.00
502.00
4272.00
50902.00
33229.00
0.00
0.00
0.00
0.00
0.00
0.00
0.00
0.00
0.00
0.00
0.00
0.00
0.00
0.00
0.00
0.00
0.00
0.00
0.00
0.00
0.00
0.00
0.00
0.00
0.00
0.00
0.00
0.00
0.00
0.00
0.00
0.00
0.00
0.00
0.00
0.00
0.00
0.00
0.00
0.00
0.00
0.00
0.00
0.00
5808.00
0.00
0.00
0.00
0.00
721.00
1642.00
966.00
1151.00
1883.00
0.00
2090.00
0.00
1151.00
0.00
716.00
972.00
0.00
0.00
0.00
986.00
0.00
0.00
0.00
1052.00
9123.00
0.00
720.00
0.00
13163.00
0.00
537.00
2739.00
2499.00
7892.00
868.00
7890.00
4724.00
143.00
0.00
0.00
0.00
434.00
14365.00
59269.00
0.00
0.00
0.00
0.00
0.00
0.00
0.00
0.00
0.00
0.00
0.00
0.00
0.00
0.00
0.00
0.00
0.00
0.00
0.00
0.00
0.00
0.00
5270.00
12664.00
0.00
0.00
0.00
0.00
0.00
0.00
0.00
0.00
0.00
0.00
0.00
0.00
0.00
0.00
0.00
0.00
0.00
0.00
0.00
0.00
6178.00
0.00
0.00
0.00
1982.00
4469.00
2085.00
1764.00
1520.00
0.00
3282.00
851.00
2315.00
3117.00
0.00
0.00
0.00
0.00
0.00
0.00
0.00
0.00
0.00
3136.00
0.00
1948.00
5561.00
45681.00
0.00
8711.00
9754.00
2794.00
7093.00
2590.00
790.00
5738.00
4685.00
1680.00
0.00
0.00
0.00
0.00
0.00
24629.00
0.00
221816.00
0.00
0.00
0.00
0.00
0.00
0.00
0.00
0.00
0.00
0.00
0.00
0.00
0.00
0.00
0.00
0.00
0.00
0.00
0.00
0.00
0.00
0.00
9601.00
0.00
0.00
0.00
0.00
0.00
0.00
0.00
0.00
0.00
0.00
0.00
0.00
0.00
0.00
0.00
0.00
0.00
0.00
0.00
0.00
0.00
0.00
851.00
1075.00
0.00
6517.00
0.00
93131.00
0.00
309.00
9822.00
0.00
774.00
698.00
0.00
210.00
0.00
373.00
0.00
379.00
3395.00
0.00
0.00
0.00
0.00
10932.00
11404.00
0.00
1313.00
7973.00
7053.00
1261.00
0.00
1948.00
110.00
381.00
806.00
176.00
4334.00
685.00
1497.00
0.00
21278.00
1427.00
22437.00
1433.00
313356.00
877701.00
0.00
0.00
0.00
0.00
0.00
0.00
0.00
0.00
0.00
0.00
0.00
0.00
0.00
0.00
0.00
0.00
0.00
0.00
0.00
0.00
36078.00
5428.00
18270.00
0.00
0.00
0.00
0.00
0.00
0.00
0.00
0.00
0.00
0.00
0.00
0.00
0.00
0.00
0.00
0.00
0.00
0.00
0.00
0.00
912.00
0.00
0.00
2123.00
1444.00
0.00
4879.00
0.00
0.00
350.00
1179.00
0.00
1329.00
0.00
502.00
1323.00
390.00
0.00
167.00
0.00
1338.00
0.00
6795.00
0.00
942.00
0.00
10645.00
10328.00
12736.00
1010.00
2882.00
192.00
1037.00
2254.00
343.00
6340.00
1668.00
257.00
251.00
733.00
13220.00
0.00
1734.00
3698.00
102159.00
51418.00
77581.00
0.00
0.00
0.00
0.00
0.00
0.00
0.00
0.00
0.00
0.00
0.00
0.00
0.00
0.00
0.00
0.00
0.00
11685.00
53641.00
401270.00
6713.00
8972.00
43434.00
20902.00
0.00
0.00
0.00
0.00
0.00
0.00
0.00
0.00
0.00
0.00
0.00
0.00
0.00
0.00
0.00
0.00
0.00
497.00
285.00
0.00
0.00
0.00
157.00
0.00
2280.00
748.00
994.00
0.00
0.00
590.00
917.00
1554.00
0.00
1837.00
639.00
888.00
2677.00
4338.00
795.00
8832.00
3051.00
14700.00
11032.00
0.00
3165.00
0.00
0.00
3783.00
0.00
1326.00
279.00
718.00
40.00
832.00
198.00
0.00
415.00
0.00
1439.00
0.00
142.00
1336.00
2585.00
3985.00
8754.00
72625.00
5569.00
0.00
0.00
0.00
0.00
0.00
0.00
0.00
0.00
0.00
0.00
0.00
0.00
0.00
0.00
0.00
0.00
389.00
7408.00
50693.00
13871.00
9013.00
12409.00
7411.00
11911.00
0.00
0.00
0.00
0.00
0.00
0.00
0.00
0.00
0.00
0.00
0.00
0.00
0.00
0.00
0.00
0.00
0.00
0.00
0.00
0.00
1860.00
330.00
0.00
0.00
2207.00
0.00
614.00
0.00
369.00
392.00
829.00
560.00
384.00
2515.00
2048.00
4205.00
73.00
0.00
4975.00
726.00
8699.00
1437.00
780.00
2544.00
3062.00
6257.00
0.00
3923.00
694.00
718.00
961.00
1537.00
1652.00
491.00
133.00
830.00
941.00
791.00
1217.00
3018.00
971.00
4712.00
0.00
448.00
11630.00
9760.00
0.00
0.00
0.00
0.00
0.00
0.00
0.00
0.00
0.00
0.00
0.00
0.00
0.00
0.00
0.00
0.00
0.00
0.00
15455.00
39726.00
23572.00
0.00
0.00
0.00
0.00
0.00
0.00
0.00
0.00
0.00
0.00
0.00
0.00
0.00
0.00
0.00
0.00
0.00
0.00
0.00
0.00
0.00
0.00
0.00
0.00
3463.00
852.00
268.00
805.00
2496.00
0.00
0.00
2569.00
1139.00
1453.00
2293.00
2321.00
5373.00
0.00
577.00
0.00
8431.00
0.00
93331.00
0.00
3369.00
1943.00
2497.00
0.00
494.00
4662.00
0.00
1461.00
635.00
1958.00
437.00
180.00
203.00
159.00
298.00
206.00
117.00
1048.00
1330.00
0.00
401.00
0.00
17975.00
35382.00
22901.00
0.00
0.00
0.00
0.00
0.00
0.00
0.00
0.00
0.00
0.00
0.00
0.00
0.00
0.00
0.00
0.00
0.00
0.00
0.00
280.00
17260.00
19071.00
0.00
0.00
0.00
0.00
0.00
0.00
14889.00
0.00
0.00
0.00
0.00
0.00
0.00
0.00
0.00
0.00
0.00
0.00
0.00
0.00
0.00
0.00
0.00
0.00
720.00
3753.00
2015.00
0.00
0.00
0.00
2875.00
17228.00
0.00
1019.00
5164.00
0.00
88856.00
2918.00
6434.00
6078.00
5350.00
8987.00
16320.00
0.00
5885.00
9758.00
2707.00
0.00
1939.00
1174.00
0.00
952.00
265.00
72.00
167.00
820.00
1085.00
75.00
221.00
1588.00
403.00
435.00
57.00
672.00
4615.00
1001.00
29549.00
95956.00
25255.00
0.00
0.00
0.00
0.00
0.00
0.00
0.00
0.00
0.00
0.00
0.00
0.00
0.00
0.00
0.00
0.00
0.00
0.00
0.00
0.00
0.00
0.00
0.00
0.00
0.00
0.00
10780.00
29125.00
0.00
0.00
0.00
0.00
0.00
0.00
0.00
0.00
0.00
0.00
0.00
0.00
0.00
0.00
0.00
0.00
0.00
543.00
12896.00
418.00
3414.00
45775.00
1384.00
1499.00
9222.00
1284.00
236.00
0.00
2765.00
5253.00
2430.00
3585.00
5213.00
28004.00
2261.00
16049.00
12260.00
57720.00
3521.00
2936.00
5327.00
16017.00
523.00
922.00
597.00
204.00
1195.00
1266.00
0.00
134.00
1171.00
278.00
57.00
514.00
122.00
62.00
184.00
578.00
654.00
2383.00
0.00
204133.00
0.00
0.00
0.00
0.00
0.00
0.00
0.00
0.00
0.00
0.00
0.00
0.00
0.00
0.00
0.00
0.00
0.00
0.00
0.00
0.00
0.00
0.00
0.00
0.00
29160.00
0.00
9961.00
0.00
0.00
0.00
0.00
0.00
0.00
0.00
0.00
0.00
0.00
0.00
0.00
0.00
0.00
0.00
0.00
0.00
1868.00
7998.00
1271.00
7410.00
761.00
933.00
4522.00
10719.00
6666.00
3061.00
0.00
2390.00
851.00
398.00
5096.00
0.00
3004.00
5183.00
7371.00
18113.00
38842.00
17393.00
8697.00
9808.00
2867.00
0.00
1501.00
0.00
191.00
24.00
935.00
56053.00
116.00
149.00
198.00
425.00
1806.00
643.00
0.00
0.00
2187.00
553.00
1107.00
2361.00
14617.00
3123.00
11188.00
0.00
0.00
0.00
0.00
0.00
0.00
0.00
0.00
0.00
0.00
0.00
0.00
0.00
0.00
0.00
0.00
0.00
0.00
0.00
0.00
0.00
0.00
0.00
0.00
0.00
0.00
0.00
0.00
0.00
0.00
0.00
0.00
0.00
0.00
0.00
0.00
0.00
0.00
0.00
0.00
0.00
0.00
0.00
5133.00
3087.00
1522.00
2010.00
2911.00
154.00
3263.00
3461.00
410.00
1819.00
5166.00
8035.00
969.00
1278.00
393.00
1416.00
3915.00
1775.00
11810.00
31193.00
18311.00
103138.00
7262.00
8323.00
2725.00
233.00
1000.00
2025.00
115.00
416.00
27.00
1156.00
117.00
189.00
364.00
0.00
239.00
248.00
335.00
569.00
228.00
1266.00
429.00
0.00
2429.00
7254.00
6115.00
0.00
0.00
0.00
0.00
0.00
0.00
0.00
0.00
0.00
0.00
0.00
0.00
0.00
0.00
0.00
0.00
0.00
0.00
0.00
0.00
0.00
0.00
0.00
0.00
0.00
0.00
0.00
0.00
0.00
0.00
0.00
0.00
0.00
0.00
0.00
0.00
0.00
0.00
0.00
0.00
0.00
0.00
0.00
523.00
2067.00
696.00
2826.00
2792.00
2550.00
6069.00
1181.00
572.00
755.00
0.00
1405.00
4568.00
3064.00
3268.00
94590.00
5313.00
10967.00
24025.00
18547.00
498709.00
43501.00
51489.00
8197.00
3107.00
2847.00
1087.00
322.00
369.00
117.00
400.00
876.00
327.00
116.00
0.00
268.00
143.00
865.00
0.00
0.00
1756.00
249.00
228.00
538.00
169.00
2073.00
9978.00
0.00
0.00
0.00
0.00
0.00
0.00
0.00
0.00
0.00
0.00
0.00
0.00
0.00
0.00
0.00
0.00
0.00
0.00
0.00
0.00
0.00
0.00
0.00
0.00
0.00
0.00
0.00
0.00
0.00
0.00
0.00
0.00
0.00
0.00
0.00
0.00
0.00
0.00
0.00
0.00
0.00
0.00
0.00
228.00
1198.00
124.00
1258.00
1123.00
96.00
2725.00
16385.00
3136.00
431.00
772.00
1013.00
994.00
896.00
2250.00
1188.00
10585.00
7047.00
10418.00
232953.00
354033.00
0.00
109227.00
5888.00
11806.00
1311.00
1000.00
484.00
1352.00
765.00
933.00
203.00
0.00
354.00
632.00
395.00
107.00
0.00
35396.00
195.00
678.00
434.00
625.00
0.00
1977.00
1622.00
0.00
873.00
8190.00
0.00
0.00
0.00
0.00
0.00
0.00
0.00
0.00
0.00
0.00
0.00
0.00
0.00
0.00
0.00
0.00
0.00
0.00
0.00
0.00
0.00
0.00
0.00
0.00
0.00
0.00
0.00
0.00
0.00
0.00
0.00
0.00
0.00
0.00
0.00
0.00
0.00
0.00
0.00
0.00
0.00
576.00
1042.00
1169.00
528.00
1663.00
3381.00
942.00
1876.00
1722.00
842.00
2413.00
442.00
366.00
2596.00
4935.00
7838.00
0.00
2772.00
5116.00
137850.00
82428.00
3346224.00
159143.00
223302.00
5863.00
763.00
1204.00
1856.00
344.00
302.00
1672.00
193.00
172.00
0.00
282.00
1371.00
3554.00
443.00
315.00
612.00
167.00
0.00
0.00
3023.00
216.00
859.00
3579.00
3970.00
54928.00
0.00
0.00
0.00
0.00
0.00
0.00
0.00
0.00
0.00
0.00
0.00
0.00
0.00
0.00
0.00
0.00
0.00
0.00
0.00
0.00
0.00
0.00
0.00
0.00
0.00
0.00
0.00
0.00
0.00
0.00
0.00
0.00
0.00
0.00
0.00
0.00
0.00
0.00
0.00
0.00
0.00
0.00
480.00
193.00
690.00
811.00
1672.00
1476.00
7491.00
768.00
987.00
785.00
727.00
281.00
1618.00
0.00
832.00
2401.00
6158.00
19277.00
15087.00
0.00
185016.00
32719.00
53747.00
4985.00
3751.00
775.00
1004.00
432.00
552.00
649.00
357.00
293.00
0.00
1294.00
156.00
1185.00
968.00
723.00
332.00
256.00
190.00
995.00
254.00
236.00
0.00
906.00
2577.00
10570.00
0.00
0.00
0.00
0.00
0.00
0.00
0.00
0.00
0.00
0.00
0.00
0.00
0.00
0.00
0.00
0.00
0.00
0.00
0.00
0.00
0.00
0.00
0.00
0.00
0.00
0.00
0.00
0.00
0.00
0.00
0.00
0.00
0.00
0.00
0.00
0.00
0.00
0.00
0.00
0.00
0.00
1423.00
453.00
14080.00
675.00
183.00
1632.00
1528.00
669.00
730.00
1065.00
331.00
215.00
1118.00
1684.00
57831.00
560.00
6750.00
1526.00
100692.00
61181.00
84764.00
0.00
31595.00
13783.00
102904.00
424.00
520.00
680.00
27.00
107.00
171.00
173.00
361.00
586.00
230.00
187.00
719.00
117.00
446.00
144.00
220.00
334.00
110.00
674.00
3847.00
108.00
1187.00
6725.00
8077.00
15511.00
0.00
0.00
0.00
0.00
0.00
0.00
0.00
0.00
0.00
0.00
0.00
0.00
0.00
0.00
0.00
0.00
0.00
0.00
0.00
0.00
0.00
0.00
0.00
0.00
0.00
0.00
0.00
0.00
0.00
0.00
0.00
0.00
0.00
0.00
0.00
0.00
0.00
0.00
0.00
0.00
659.00
745.00
0.00
1238.00
1139.00
268.00
628.00
532.00
1600.00
490.00
904.00
692.00
745.00
576.00
558.00
573.00
0.00
9535.00
35543.00
30322.00
0.00
22749.00
16567.00
2662.00
8065.00
1755.00
0.00
103.00
1381.00
49.00
268.00
103.00
103.00
65.00
441.00
595.00
361.00
333.00
317.00
288.00
761.00
0.00
0.00
142.00
232.00
59.00
0.00
663.00
5288.00
26436.00
15279.00
0.00
0.00
0.00
0.00
0.00
0.00
0.00
0.00
0.00
0.00
0.00
0.00
0.00
0.00
0.00
0.00
0.00
0.00
0.00
0.00
0.00
0.00
0.00
0.00
0.00
0.00
0.00
0.00
0.00
0.00
0.00
0.00
0.00
0.00
0.00
0.00
0.00
0.00
0.00
86.00
0.00
0.00
1044.00
1734.00
407.00
983.00
746.00
950.00
6601.00
2332.00
443.00
626.00
1422.00
1265.00
855.00
2968.00
1394.00
0.00
0.00
14241.00
11285.00
5493.00
716.00
5400.00
2844.00
2873.00
286.00
2075.00
254.00
238.00
0.00
96.00
174.00
243.00
350.00
3310.00
113.00
135.00
3388.00
1354.00
342.00
312.00
2380.00
713.00
1374.00
621.00
0.00
43366.00
3555.00
3118.00
0.00
0.00
0.00
0.00
0.00
0.00
0.00
0.00
0.00
0.00
0.00
0.00
0.00
0.00
0.00
0.00
0.00
0.00
0.00
0.00
0.00
0.00
0.00
0.00
0.00
0.00
0.00
0.00
0.00
0.00
0.00
0.00
0.00
0.00
0.00
0.00
0.00
0.00
0.00
601.00
1032.00
1237.00
699.00
422.00
672.00
207.00
447.00
5104.00
988.00
963.00
7706.00
1128.00
1121.00
1050.00
1336.00
912.00
1942.00
369.00
7723.00
2822.00
4053.00
3614.00
350.00
377.00
892.00
411.00
290.00
88.00
129.00
293.00
259.00
499.00
3725.00
227.00
449.00
6204.00
328.00
332.00
558.00
1529.00
464.00
4378.00
0.00
526.00
787.00
2285.00
488.00
3643.00
0.00
10827.00
0.00
0.00
0.00
0.00
0.00
0.00
0.00
0.00
0.00
0.00
0.00
0.00
0.00
0.00
0.00
0.00
0.00
0.00
0.00
0.00
0.00
0.00
0.00
0.00
0.00
0.00
0.00
0.00
0.00
0.00
0.00
0.00
0.00
0.00
0.00
0.00
0.00
0.00
0.00
1192.00
2341.00
410.00
233.00
481.00
152.00
2062.00
10753.00
188355.00
3821.00
627.00
1453.00
1559.00
2039.00
1233.00
668.00
618.00
3182.00
70311.00
0.00
1368.00
3826.00
1250.00
185.00
534.00
1043.00
2208.00
746.00
231.00
237.00
0.00
203.00
284.00
222.00
54.00
546.00
303.00
0.00
75.00
300.00
96.00
1197.00
8403.00
4218.00
1654.00
1585.00
1116.00
1694.00
1606.00
955.00
0.00
0.00
0.00
0.00
0.00
0.00
0.00
0.00
0.00
0.00
0.00
0.00
0.00
0.00
0.00
0.00
0.00
0.00
0.00
0.00
0.00
0.00
0.00
0.00
0.00
0.00
0.00
0.00
0.00
0.00
0.00
0.00
0.00
0.00
0.00
0.00
0.00
0.00
0.00
0.00
374.00
1020.00
3507.00
182.00
344.00
2490.00
1105.00
2141.00
4716.00
2652.00
1647.00
1568.00
2375.00
1472.00
8382.00
977.00
1896.00
2079.00
800.00
729.00
580.00
930.00
751.00
206.00
44.00
256.00
249.00
81.00
5122.00
604.00
354.00
0.00
0.00
219.00
152.00
499.00
1171.00
342.00
281.00
220.00
1068.00
950.00
0.00
0.00
16392.00
0.00
1719.00
293.00
6238.00
8825.00
1815.00
18444.00
31720.00
26649.00
0.00
0.00
0.00
0.00
0.00
0.00
0.00
0.00
0.00
0.00
0.00
0.00
0.00
0.00
0.00
0.00
0.00
0.00
0.00
0.00
0.00
0.00
0.00
0.00
0.00
0.00
0.00
0.00
0.00
0.00
0.00
0.00
0.00
0.00
0.00
0.00
0.00
1011.00
988.00
325.00
397.00
276.00
687.00
1077.00
1367.00
1414.00
505.00
1130.00
513.00
952.00
783.00
3661.00
803.00
3000.00
2050.00
582.00
1131.00
927.00
71.00
66.00
231.00
370.00
125.00
22.00
0.00
804.00
0.00
0.00
416.00
281.00
692.00
444.00
2613.00
428.00
186.00
533.00
0.00
0.00
4625.00
0.00
0.00
0.00
3252.00
2163.00
1852.00
3781.00
5480.00
3824.00
123450.00
171553.00
28475.00
3219.00
0.00
0.00
0.00
0.00
0.00
0.00
0.00
0.00
0.00
0.00
0.00
0.00
0.00
0.00
0.00
0.00
0.00
0.00
0.00
0.00
0.00
0.00
0.00
0.00
0.00
0.00
0.00
0.00
0.00
0.00
0.00
0.00
0.00
0.00
0.00
1774.00
406.00
430.00
766.00
173.00
269.00
654.00
494.00
3119.00
433.00
2398.00
1322.00
1137.00
382.00
2314.00
2355.00
2980.00
935.00
5193.00
701.00
1001.00
395.00
0.00
486.00
133.00
494.00
284.00
209.00
0.00
1782.00
580.00
49.00
1229.00
851.00
1373.00
589.00
146.00
630.00
710.00
1444.00
330.00
2007.00
109.00
290.00
9728.00
0.00
1904.00
1348.00
6867.00
1361.00
3982.00
3937.00
23436.00
3075.00
74449.00
99543.00
56021.00
0.00
0.00
0.00
0.00
0.00
0.00
0.00
0.00
0.00
0.00
0.00
0.00
0.00
0.00
0.00
0.00
0.00
0.00
0.00
0.00
0.00
0.00
0.00
0.00
0.00
0.00
0.00
0.00
0.00
0.00
0.00
0.00
0.00
0.00
961.00
1488.00
853.00
577.00
744.00
397.00
1389.00
1593.00
1935.00
2706.00
22440.00
568.00
3949.00
4806.00
1737.00
936.00
808.00
808.00
1273.00
1187.00
2448.00
0.00
70.00
285.00
142.00
233.00
0.00
138.00
202.00
1486.00
1980.00
2681.00
2394.00
845.00
498.00
5595.00
1088.00
169.00
2172.00
29.00
775.00
2520.00
0.00
0.00
0.00
0.00
397.00
766.00
690.00
625.00
1012.00
26308.00
5233.00
12346.00
54641.00
3340.00
181613.00
145846.00
0.00
0.00
0.00
0.00
0.00
0.00
0.00
0.00
0.00
0.00
0.00
0.00
0.00
0.00
0.00
0.00
0.00
0.00
0.00
0.00
0.00
0.00
0.00
0.00
0.00
0.00
0.00
0.00
0.00
0.00
0.00
0.00
0.00
0.00
1052.00
1259.00
659.00
3050.00
1831.00
821.00
1371.00
0.00
1413.00
2865.00
4262.00
7846.00
10851.00
899.00
1005.00
519.00
589.00
612.00
1966.00
1429.00
264.00
55.00
0.00
86.00
111.00
357.00
32.00
405.00
130.00
868.00
22455.00
678.00
1949.00
896.00
237.00
129.00
0.00
0.00
3595.00
0.00
0.00
0.00
0.00
3476.00
987.00
1770.00
1076.00
2869.00
5167.00
10249.00
3468.00
2993.00
11408.00
19698.00
119335.00
2102716.00
34686.00
0.00
0.00
0.00
0.00
0.00
0.00
0.00
0.00
0.00
0.00
0.00
0.00
0.00
0.00
0.00
0.00
0.00
0.00
0.00
0.00
0.00
0.00
0.00
0.00
0.00
0.00
0.00
0.00
0.00
0.00
0.00
0.00
0.00
1030.00
869.00
1489.00
71157.00
2397.00
429.00
384.00
1045.00
9067.00
4442.00
4707.00
2755.00
3123.00
1553.00
591.00
961.00
423.00
252.00
382.00
48.00
0.00
305.00
1021.00
132.00
6477.00
105.00
288.00
90.00
280.00
870.00
3132.00
3169.00
14452.00
1513.00
2351.00
102.00
492.00
7193.00
0.00
0.00
1048.00
1160.00
0.00
16265.00
4262.00
1536.00
1694.00
6481.00
743.00
2721.00
578.00
317.00
11022.00
38914.00
151286.00
253364.00
427744.00
55553.00
0.00
0.00
0.00
0.00
0.00
0.00
0.00
0.00
0.00
0.00
0.00
0.00
0.00
0.00
0.00
0.00
0.00
0.00
0.00
0.00
0.00
0.00
0.00
0.00
0.00
0.00
0.00
0.00
0.00
0.00
0.00
0.00
429.00
200.00
1140.00
1892.00
2360.00
10287.00
1772.00
1154.00
774.00
17457.00
27243.00
10102.00
879.00
398.00
6206.00
304.00
1191.00
1039.00
146.00
901.00
3314.00
5383.00
458.00
113.00
525.00
471.00
202.00
117.00
282.00
439.00
4558.00
402.00
692.00
4691.00
9372.00
10464.00
3056.00
1234.00
0.00
0.00
721.00
0.00
0.00
2194.00
3768.00
11021.00
8580.00
4229.00
2326.00
2164.00
3643.00
2227.00
77610.00
56741.00
234615.00
279619.00
197744.00
160485.00
49893.00
0.00
0.00
0.00
0.00
0.00
0.00
0.00
0.00
0.00
0.00
0.00
0.00
0.00
0.00
0.00
0.00
0.00
0.00
0.00
0.00
0.00
0.00
0.00
0.00
0.00
0.00
0.00
0.00
0.00
0.00
0.00
1172.00
1119.00
408.00
1143.00
1289.00
462.00
1471.00
749.00
1228.00
5372.00
332277.00
1474.00
1505.00
703.00
1369.00
3951.00
1390.00
34750.00
1002.00
0.00
0.00
226.00
223.00
0.00
536.00
0.00
964.00
136.00
389.00
86.00
208.00
411.00
1050.00
1496.00
0.00
674317.00
11346.00
0.00
927.00
670.00
0.00
0.00
3886.00
0.00
1182.00
147735.00
10974.00
22952.00
9379.00
26165.00
2119.00
692.00
426.00
17552.00
713.00
48205.00
71826.00
64157.00
7041.00
115184.00
0.00
0.00
0.00
0.00
0.00
0.00
0.00
0.00
0.00
0.00
0.00
0.00
0.00
0.00
0.00
0.00
0.00
0.00
0.00
0.00
0.00
0.00
0.00
0.00
0.00
0.00
0.00
0.00
1665.00
2471.00
663.00
777.00
521.00
1359.00
776.00
656.00
1006.00
609.00
948.00
3460.00
8463.00
221.00
995.00
787.00
683.00
1284.00
1184.00
1587.00
419.00
379.00
413.00
316.00
280.00
0.00
2031.00
40246.00
193.00
166.00
3943.00
125.00
282.00
969.00
341.00
2303.00
31687.00
0.00
4255.00
662.00
0.00
1460.00
234.00
1060.00
2391.00
479.00
6506.00
9310.00
4844.00
4881.00
3505.00
1603.00
1093.00
5220.00
2152.00
107646.00
7030.00
3725.00
4830.00
3632.00
12749.00
24442.00
45311.00
21977.00
0.00
0.00
0.00
0.00
0.00
0.00
0.00
0.00
0.00
0.00
0.00
0.00
0.00
0.00
0.00
0.00
0.00
0.00
0.00
0.00
0.00
0.00
0.00
0.00
0.00
0.00
423.00
422.00
1375.00
0.00
1918.00
302.00
1132.00
2039.00
378.00
1754.00
333.00
488.00
1007.00
778.00
940.00
456.00
777.00
792.00
580.00
478.00
775.00
1651.00
994.00
3638.00
438.00
383.00
367.00
986.00
467.00
169.00
3293.00
641.00
1238.00
8657.00
3026.00
8471.00
0.00
0.00
10436.00
1299.00
1072.00
1354.00
4616.00
136.00
2886.00
10125.00
6122.00
7656.00
17351.00
1624.00
6114.00
109.00
7943.00
308.00
658.00
10971.00
15750.00
6451.00
22529.00
1290.00
7406.00
26366.00
14474.00
26030.00
18161.00
0.00
0.00
0.00
0.00
0.00
0.00
0.00
0.00
0.00
10425.00
6570.00
0.00
0.00
0.00
1367.00
4080.00
1093.00
1144.00
0.00
19343.00
2324.00
0.00
0.00
0.00
0.00
0.00
474.00
687.00
732.00
923.00
2594.00
1036.00
811.00
1293.00
426.00
5269.00
852.00
142.00
16132.00
395.00
1424.00
407.00
236.00
346.00
406.00
266.00
222.00
303.00
1777.00
3414.00
1187.00
910.00
802.00
163.00
639.00
166.00
590.00
12756.00
235.00
7774.00
7710.00
0.00
0.00
0.00
0.00
740.00
2038.00
636.00
639.00
17042.00
1181.00
1302.00
114.00
1452.00
1137.00
4058.00
3285.00
457.00
511.00
5339.00
6429.00
1898.00
2207.00
58622.00
437.00
11686.00
6326.00
17921.00
1272.00
29842.00
0.00
0.00
0.00
0.00
0.00
0.00
0.00
0.00
0.00
3227.00
13315.00
0.00
0.00
0.00
0.00
3132.00
1103.00
1030.00
3705.00
1241.00
1907.00
1365.00
701.00
165.00
303.00
422.00
604.00
737.00
2836.00
2140.00
21711.00
1361.00
2423.00
953.00
754.00
216.00
1416.00
757.00
83878.00
2582.00
116.00
124.00
619.00
3172.00
1062.00
634.00
2698.00
1092.00
2053.00
0.00
99.00
124.00
124.00
720.00
27.00
3496.00
0.00
11797.00
11059.00
0.00
0.00
290.00
120.00
1706.00
3587.00
781.00
609.00
601.00
1044.00
17348.00
1228.00
428.00
181.00
575.00
0.00
418.00
364.00
626.00
10047.00
753.00
11157.00
2885.00
2793.00
34286.00
2776.00
4620.00
40028.00
108978.00
15685.00
15240.00
0.00
0.00
0.00
0.00
0.00
0.00
0.00
0.00
0.00
12091.00
13841.00
25551.00
13759.00
6834.00
0.00
1269.00
2688.00
11627.00
1587.00
1597.00
0.00
1584.00
158.00
0.00
4164.00
989.00
526.00
578.00
1907.00
818.00
2518.00
2373.00
2038.00
1012.00
255.00
2431.00
938.00
1739.00
2738.00
196.00
505.00
627.00
964.00
1050.00
351.00
870.00
188.00
342.00
354.00
46.00
463.00
164.00
270.00
114.00
463.00
954.00
17889.00
34717.00
0.00
0.00
17331.00
0.00
731.00
538.00
0.00
131.00
1608.00
623.00
1939.00
136.00
1164.00
1199.00
225.00
143.00
648.00
1163.00
379.00
1976.00
201.00
0.00
19857.00
1358.00
1161.00
21976.00
2780.00
3824.00
23399.00
6010.00
6417.00
11216.00
0.00
0.00
0.00
0.00
0.00
0.00
0.00
0.00
0.00
0.00
18021.00
32125.00
23172.00
6583.00
8759.00
7958.00
7307.00
1789.00
1686.00
0.00
0.00
4082.00
235.00
0.00
298.00
0.00
120.00
936.00
1100.00
1564.00
1144.00
1751.00
868.00
2010.00
604.00
265.00
383.00
2131.00
1364.00
602.00
1288.00
911.00
1581.00
710.00
952.00
355.00
231.00
255.00
151.00
290.00
530.00
274.00
113.00
768.00
813.00
4359.00
9883.00
9224.00
0.00
0.00
0.00
0.00
1021.00
138.00
387.00
53494.00
1493.00
676.00
646.00
983.00
4234.00
540.00
121.00
155.00
6967.00
183.00
0.00
1876.00
281.00
1500.00
1805.00
1238.00
11291.00
221.00
35698.00
5206.00
5637.00
2223.00
6945.00
0.00
0.00
0.00
0.00
0.00
0.00
0.00
0.00
0.00
0.00
0.00
342094.00
30001.00
9155.00
3399.00
10048.00
3387.00
17438.00
6582.00
990.00
679.00
0.00
0.00
1106.00
0.00
894.00
539.00
0.00
0.00
567.00
13218.00
1170.00
7803.00
462.00
210.00
969.00
1146.00
1184.00
268.00
732.00
1099.00
776.00
1114.00
1107.00
3779.00
2951.00
67.00
0.00
0.00
0.00
79.00
797.00
692.00
383.00
559.00
17111.00
0.00
13031.00
2052.00
0.00
0.00
2908.00
209.00
115.00
1478.00
1189.00
555.00
0.00
0.00
124.00
126.00
98.00
0.00
111.00
320.00
3647.00
0.00
95.00
307.00
368.00
567.00
3403.00
1783.00
3862.00
3820.00
2038.00
3219.00
714.00
11721.00
59799.00
20197.00
2860.00
0.00
0.00
0.00
0.00
0.00
0.00
0.00
0.00
0.00
12331.00
12845.00
1976.00
2610.00
3860.00
6216.00
113877.00
1234.00
1645.00
1594.00
4336.00
1611.00
1870.00
0.00
0.00
165.00
0.00
981.00
1894.00
4038.00
5716.00
1919.00
979.00
657.00
900.00
3214.00
158.00
630.00
2615.00
76.00
735.00
336.00
561.00
5012.00
181126.00
2012.00
556.00
1810.00
2684.00
1822.00
2825.00
2726.00
5467.00
1169.00
7016.00
37648.00
13910.00
2717.00
4353.00
0.00
333.00
1178.00
200.00
603.00
376.00
111.00
0.00
0.00
0.00
0.00
136.00
487.00
99.00
111.00
278.00
413.00
370.00
2043.00
14494.00
908.00
5262.00
611.00
2454.00
810.00
3486.00
0.00
1094.00
2400.00
6209.00
8479.00
0.00
0.00
0.00
0.00
0.00
0.00
0.00
0.00
0.00
0.00
64792.00
81576.00
10870.00
1319.00
3001.00
23415.00
7732.00
2435.00
2681.00
0.00
1623.00
6980.00
15798.00
1745.00
639.00
0.00
432.00
464.00
16224.00
5970.00
1777.00
2433.00
1706.00
1020.00
0.00
747.00
405.00
1218.00
1007.00
1658.00
2040.00
1568.00
238.00
511.00
1892.00
567.00
427.00
2657.00
7965.00
1653.00
11631.00
6623.00
169157.00
7261.00
5693.00
1176.00
0.00
1546.00
730.00
0.00
0.00
25.00
0.00
0.00
0.00
246.00
0.00
0.00
1035.00
2504.00
852.00
298.00
405.00
2866.00
0.00
3193.00
656.00
0.00
0.00
271.00
1400.00
10611.00
0.00
0.00
0.00
0.00
0.00
4403.00
404.00
1898.00
0.00
0.00
0.00
0.00
0.00
0.00
0.00
0.00
0.00
11250.00
23584.00
3583.00
2084.00
2290.00
1828.00
1401.00
2752.00
0.00
22524.00
2105.00
3829.00
0.00
395.00
4788.00
70014.00
794.00
0.00
329.00
1060.00
6202.00
3560.00
4651.00
5455.00
0.00
284.00
793.00
1497.00
3452.00
398.00
385.00
124.00
1764.00
141.00
692.00
0.00
203.00
8147.00
754.00
1496.00
3352.00
2853.00
5829.00
7223.00
933.00
1286.00
1905.00
3765.00
15044.00
682.00
1165.00
739.00
163.00
67.00
450.00
140.00
0.00
10536.00
330.00
0.00
533.00
0.00
1550.00
0.00
1805.00
0.00
0.00
650.00
297.00
0.00
0.00
0.00
0.00
0.00
0.00
0.00
0.00
0.00
0.00
0.00
0.00
0.00
0.00
0.00
0.00
0.00
0.00
0.00
0.00
27518.00
14860.00
48295.00
22669.00
0.00
4219.00
0.00
1827.00
0.00
13584.00
0.00
1669.00
1233.00
0.00
279.00
6801.00
12003.00
5286.00
13874.00
665.00
815.00
3510.00
7278.00
182224.00
2091.00
2439.00
0.00
153.00
473.00
549.00
280.00
2833.00
543.00
0.00
0.00
296.00
1432.00
245.00
481.00
1020.00
527.00
13419.00
3640.00
2226.00
1061.00
2264.00
2344.00
3263.00
2808.00
1716.00
494.00
6415.00
773.00
237.00
447.00
218.00
13661.00
0.00
2084.00
871.00
149.00
799.00
307.00
2568.00
0.00
0.00
0.00
2135.00
722.00
0.00
0.00
0.00
0.00
0.00
0.00
0.00
0.00
0.00
0.00
0.00
0.00
0.00
0.00
0.00
0.00
0.00
0.00
0.00
0.00
0.00
9867.00
18883.00
19688.00
9265.00
21880.00
9248.00
21254.00
3143.00
0.00
3464.00
0.00
0.00
3794.00
0.00
2883.00
0.00
3487.00
3743.00
2218.00
0.00
925.00
860.00
433.00
7395.00
0.00
1263.00
511.00
806.00
406.00
201.00
456.00
1720.00
144.00
500.00
336.00
680.00
0.00
582.00
318.00
272.00
1311.00
41484.00
0.00
0.00
1118.00
323.00
1960.00
19571.00
5001.00
5857.00
717.00
1670.00
153.00
688.00
0.00
0.00
805.00
625.00
902.00
0.00
0.00
0.00
0.00
0.00
394.00
5710.00
1740.00
0.00
0.00
0.00
0.00
0.00
0.00
0.00
0.00
0.00
0.00
0.00
0.00
0.00
0.00
0.00
0.00
0.00
0.00
0.00
0.00
0.00
0.00
0.00
9787.00
18657.00
9410.00
26775.00
9521.00
0.00
6475.00
3094.00
6648.00
0.00
3939.00
13508.00
781.00
1381.00
0.00
0.00
5644.00
1527.00
0.00
0.00
0.00
1691.00
561.00
4625.00
570.00
1054.00
3721.00
1152.00
7549.00
1467.00
640.00
0.00
7746.00
49.00
1250.00
0.00
205.00
1814.00
2468.00
0.00
1158.00
3416.00
1432.00
0.00
710.00
845.00
811.00
723.00
1385.00
247066.00
8059.00
2959.00
159.00
260.00
465.00
1451.00
0.00
0.00
1480.00
0.00
0.00
0.00
0.00
0.00
0.00
2678.00
0.00
0.00
0.00
0.00
0.00
0.00
0.00
0.00
0.00
0.00
0.00
0.00
0.00
0.00
0.00
0.00
0.00
0.00
0.00
0.00
0.00
0.00
0.00
5005.00
4938.00
7425.00
0.00
129280.00
0.00
4230.00
0.00
1980.00
3678.00
3129.00
1686.00
2992.00
2955.00
4981.00
0.00
0.00
305.00
1225.00
0.00
514.00
0.00
318.00
0.00
4431.00
2289.00
2085.00
2131.00
415.00
1521.00
0.00
2566.00
641.00
1216.00
310.00
97.00
69.00
131.00
0.00
452.00
1191.00
0.00
357.00
235661.00
4575.00
5697.00
3781.00
9066.00
599.00
275.00
65715.00
10787.00
171.00
397.00
1172.00
774.00
0.00
0.00
0.00
0.00
0.00
0.00
0.00
0.00
0.00
0.00
167.00
0.00
0.00
0.00
0.00
0.00
0.00
0.00
0.00
0.00
0.00
0.00
0.00
0.00
0.00
0.00
0.00
0.00
0.00
0.00
0.00
0.00
0.00
0.00
9527.00
0.00
4939.00
6941.00
0.00
0.00
4710.00
6490.00
9279.00
0.00
0.00
0.00
3993.00
0.00
0.00
1441.00
0.00
0.00
1233.00
10660.00
984.00
682.00
400.00
0.00
1528.00
463.00
0.00
128.00
1065.00
0.00
71.00
474.00
0.00
1747.00
4094.00
115.00
613.00
4820.00
6321.00
0.00
622.00
195.00
3586.00
1649.00
1909.00
875.00
1492.00
2460.00
3386.00
3623.00
952.00
2882.00
750.00
611.00
46.00
0.00
0.00
0.00
0.00
0.00
0.00
0.00
0.00
0.00
0.00
0.00
0.00
0.00
0.00
0.00
0.00
0.00
0.00
0.00
0.00
0.00
0.00
0.00
0.00
0.00
0.00
0.00
0.00
0.00
0.00
0.00
0.00
0.00
0.00
0.00
0.00
3751.00
0.00
10487.00
4423.00
23242.00
2706.00
3703.00
2168.00
4348.00
0.00
96678.00
0.00
4645.00
0.00
0.00
1711.00
0.00
0.00
0.00
0.00
0.00
0.00
0.00
0.00
0.00
691.00
415.00
377.00
0.00
871.00
349.00
0.00
1855.00
10765.00
890.00
467.00
495.00
2129.00
163.00
0.00
14309.00
0.00
1393.00
16586.00
32960.00
29170.00
20839.00
6258.00
851.00
1776.00
0.00
30.00
0.00
0.00
0.00
0.00
0.00
0.00
0.00
0.00
0.00
0.00
0.00
0.00
0.00
0.00
0.00
0.00
0.00
0.00
0.00
0.00
0.00
0.00
0.00
0.00
0.00
0.00
0.00
0.00
0.00
0.00
0.00
0.00
0.00
0.00
0.00
0.00
0.00
11734.00
8204.00
5385.00
0.00
4339.00
5570.00
2975.00
4246.00
0.00
0.00
3475.00
6563.00
0.00
1865.00
4520.00
210.00
0.00
0.00
0.00
0.00
1435.00
1933.00
14155.00
12766.00
0.00
0.00
0.00
0.00
779.00
0.00
2608.00
699.00
448.00
442.00
2548.00
722.00
1428.00
0.00
853.00
3926.00
1818.00
22164.00
3558.00
5318.00
16199.00
17944.00
17785.00
26646.00
3068.00
1021.00
4445.00
0.00
418.00
0.00
0.00
0.00
0.00
0.00
0.00
0.00
0.00
0.00
0.00
0.00
0.00
0.00
0.00
0.00
0.00
0.00
0.00
0.00
0.00
0.00
0.00
0.00
0.00
0.00
0.00
0.00
0.00
0.00
0.00
0.00
0.00
0.00
0.00
0.00
0.00
0.00
0.00
3413.00
11287.00
7285.00
30990.00
0.00
11568.00
7134.00
2142.00
5896.00
0.00
5231.00
5685.00
2487.00
0.00
0.00
1075.00
0.00
14589.00
0.00
0.00
797.00
2200.00
44070.00
14210.00
873.00
1869.00
1499.00
0.00
0.00
0.00
1623.00
0.00
1093.00
2451.00
4086.00
3809.00
446.00
1672.00
3185.00
16168.00
10925.00
101124.00
25238.00
58112.00
42629.00
29120.00
14538.00
20948.00
780.00
4901.00
8127.00
0.00
0.00
0.00
0.00
0.00
0.00
0.00
0.00
0.00
0.00
0.00
0.00
0.00
0.00
0.00
0.00
0.00
0.00
0.00
0.00
0.00
0.00
0.00
0.00
0.00
0.00
0.00
0.00
0.00
0.00
0.00
0.00
0.00
0.00
0.00
0.00
0.00
0.00
0.00
0.00
0.00
6228.00
11171.00
29762.00
84901.00
23048.00
3825.00
0.00
15437.00
0.00
3566.00
0.00
0.00
1345.00
673.00
2068.00
0.00
11146.00
1807.00
185.00
5190.00
45565.00
20609.00
0.00
0.00
0.00
803.00
2237.00
680.00
2410.00
3437.00
12336.00
19042.00
5976.00
9508.00
1585.00
3630.00
532.00
9720.00
284455.00
398241.00
22809.00
7635.00
23355.00
12582.00
33572.00
287866.00
70845.00
3691.00
586.00
0.00
0.00
0.00
0.00
0.00
0.00
0.00
0.00
0.00
0.00
0.00
0.00
0.00
0.00
0.00
0.00
0.00
0.00
0.00
0.00
0.00
0.00
0.00
0.00
0.00
0.00
0.00
0.00
0.00
0.00
0.00
0.00
0.00
0.00
0.00
0.00
0.00
0.00
0.00
0.00
0.00
0.00
0.00
246056.00
14487.00
18575.00
0.00
2256.00
0.00
0.00
2896.00
4414.00
1295.00
0.00
0.00
0.00
0.00
0.00
5962.00
11033.00
226030.00
5415.00
52512.00
6695.00
8060.00
12603.00
0.00
0.00
14013.00
4636.00
4546.00
5733.00
72928.00
51485.00
38028.00
10178.00
31044.00
5237.00
31670.00
110188.00
26854.00
22702.00
10359.00
437.00
0.00
0.00
0.00
16458.00
0.00
0.00
0.00
0.00
0.00
0.00
0.00
0.00
0.00
0.00
0.00
0.00
0.00
0.00
0.00
0.00
0.00
0.00
0.00
0.00
0.00
0.00
0.00
0.00
0.00
0.00
0.00
0.00
0.00
0.00
0.00
0.00
0.00
0.00
0.00
0.00
0.00
0.00
0.00
0.00
0.00
0.00
0.00
0.00
0.00
0.00
11238.00
93966.00
0.00
11431.00
830.00
0.00
4508.00
3934.00
4240.00
0.00
1979.00
1582.00
0.00
0.00
0.00
11311.00
30740.00
0.00
0.00
14775.00
3878.00
536.00
6296.00
0.00
0.00
0.00
0.00
0.00
8229.00
15774.00
182700.00
10242.00
16617.00
0.00
0.00
0.00
2313.00
0.00
0.00
0.00
0.00
0.00
0.00
0.00
0.00
0.00
0.00
0.00
0.00
0.00
0.00
0.00
0.00
0.00
0.00
0.00
0.00
0.00
0.00
0.00
0.00
0.00
0.00
0.00
0.00
0.00
0.00
0.00
0.00
0.00
0.00
0.00
0.00
0.00
0.00
0.00
0.00
0.00
0.00
0.00
0.00
0.00
0.00
0.00
0.00
0.00
0.00
0.00
0.00
0.00
0.00
37712.00
4535.00
1382.00
0.00
1216.00
4316.00
13214.00
9983.00
8031.00
7515.00
9190.00
13529.00
0.00
5797.00
6022.00
107136.00
10936.00
277554.00
0.00
0.00
0.00
0.00
0.00
0.00
0.00
0.00
0.00
0.00
0.00
0.00
0.00
0.00
0.00
0.00
0.00
0.00
0.00
0.00
0.00
0.00
0.00
0.00
0.00
0.00
0.00
0.00
0.00
0.00
0.00
0.00
0.00
0.00
0.00
0.00
0.00
0.00
0.00
0.00
0.00
0.00
0.00
0.00
0.00
0.00
0.00
0.00
0.00
0.00
0.00
0.00
0.00
0.00
0.00
0.00
0.00
0.00
0.00
0.00
0.00
0.00
0.00
0.00
0.00
0.00
0.00
0.00
0.00
0.00
0.00
0.00
6978.00
8824.00
0.00
0.00
16238.00
14066.00
0.00
0.00
0.00
0.00
0.00
0.00
0.00
0.00
0.00
0.00
10738.00
0.00
0.00
0.00
0.00
0.00
0.00
0.00
0.00
0.00
0.00
0.00
0.00
0.00
0.00
0.00
0.00
0.00
0.00
0.00
0.00
0.00
0.00
0.00
0.00
0.00
0.00
0.00
0.00
0.00
0.00
0.00
0.00
0.00
0.00
0.00
0.00
0.00
0.00
0.00
0.00
0.00
0.00
0.00
0.00
0.00
0.00
0.00
0.00
0.00
0.00
0.00
0.00
0.00
0.00
0.00
0.00
0.00
0.00
0.00
0.00
0.00
0.00
0.00
0.00
0.00
0.00
0.00
0.00
0.00
0.00
0.00
0.00
0.00
0.00
0.00
11740.00
3633.00
3518.00
0.00
0.00
0.00
0.00
0.00
0.00
0.00
0.00
0.00
0.00
0.00
0.00
0.00
0.00
0.00
0.00
0.00
0.00
0.00
0.00
0.00
0.00
0.00
0.00
0.00
0.00
0.00
0.00
0.00
0.00
0.00
0.00
0.00
0.00
0.00
0.00
0.00
0.00
0.00
0.00
0.00
0.00
0.00
0.00
0.00
0.00
0.00
0.00
0.00
0.00
0.00
0.00
0.00
0.00
0.00
0.00
0.00
0.00
0.00
0.00
0.00
0.00
0.00
0.00
0.00
0.00
0.00
0.00
0.00
0.00
0.00
0.00
0.00
0.00
0.00
0.00
0.00
0.00
